SEGID,CO_FIPS,F2019,F2024,F2030,F2040,F2050,CH19TO24,CH24TO30,CH30TO40,CH40TO50,CH19TO50,FNOTES
0006_146.9,49,1517,1700,1700,1800,2000,183,0,100,200,483,
0006_149.9,49,2441,2700,2800,3400,4300,259,100,600,900,1859,
0006_150.6,49,2441,2700,2800,3500,4300,259,100,700,800,1859,
0006_152.6,49,2417,2800,2900,3400,4600,383,100,500,1200,2183,
0006_152.9,49,3759,4200,4300,5200,6600,441,100,900,1400,2841,
0006_155.9,49,4979,5300,5900,6400,4800,321,600,500,-1600,-179,New E/W connection through Santaquin
0006_157.3,49,4979,5600,5900,7700,6600,621,300,1800,-1100,1621,New E/W connection through Santaquin
0006_157.6,49,4979,5700,6200,8900,7600,721,500,2700,-1300,2621,New E/W connection through Santaquin
0006_158.5,49,4979,7500,8000,12000,6500,2521,500,4000,-5500,1521,New E/W connection through Santaquin
0006_159.6,49,6709,9700,11000,18500,13500,2991,1300,7500,-5000,6791,New E/W connection through Santaquin
0006_159.8,49,12656,16000,18000,23500,18500,3344,2000,5500,-5000,5844,New E/W connection through Santaquin
0006_160.3,49,18905,22500,25000,33000,27500,3595,2500,8000,-5500,8595,New E/W connection through Santaquin
0006_173.4,49,34688,40000,44500,68000,80000,5312,4500,23500,12000,45312,
0006_173.7,49,34688,36500,42000,57500,65500,1812,5500,15500,8000,30812,
0006_174.0,49,31787,34000,39500,53500,62500,2213,5500,14000,9000,30713,
0006_174.4,49,31787,34000,39500,52000,60500,2213,5500,12500,8500,28713,
0006_174.9,49,24498,27000,33000,48000,56000,2502,6000,15000,8000,31502,
0006_175.6,49,24498,27000,29500,35000,39000,2502,2500,5500,4000,14502,
0006_176.1,49,24498,26500,29000,32500,35500,2002,2500,3500,3000,11002,
0006_177.0,49,24498,26500,31000,32000,35000,2002,4500,1000,3000,10502,
0006_177.2,49,13166,15000,18500,20000,23000,1834,3500,1500,3000,9834,
0006_177.5,49,13166,15000,17000,21000,24000,1834,2000,4000,3000,10834,
0006_177.9,49,12049,13000,14000,15500,17500,951,1000,1500,2000,5451,
0013_000.0,3,19514,20000,20000,20500,21000,486,0,500,500,1486,
0013_000.6,3,19514,20000,20000,20500,21000,486,0,500,500,1486,
0013_001.3,3,15538,16000,16000,17000,17500,462,0,1000,500,1962,
0013_001.6,3,16594,17000,17500,18000,18500,406,500,500,500,1906,
0013_001.8,3,16594,17000,17000,17500,18000,406,0,500,500,1406,
0013_002.5,3,16594,17000,17000,17500,18000,406,0,500,500,1406,
0013_002.9,3,5284,5600,5800,6300,6600,316,200,500,300,1316,
0013_003.3,3,5284,5900,6200,7500,7700,616,300,1300,200,2416,
0013_004.9,3,8666,9300,10000,11500,13000,634,700,1500,1500,4334,
0013_005.6,3,9852,10500,11500,13000,14500,648,1000,1500,1500,4648,
0015_241.6,49,28510,31500,35000,40500,46500,2990,3500,5500,6000,17990,
0015_242.4,49,31333,34000,38500,47000,55000,2667,4500,8500,8000,23667,
0015_244.8,49,44054,50000,57000,72000,77500,5946,7000,15000,5500,33446,
0015_246.9,49,44054,50000,57000,72000,100000,5946,7000,15000,28000,55946,
0015_248.8,49,48398,54000,63500,83000,114000,5602,9500,19500,31000,65602,
0015_250.9,49,62573,68500,76500,78500,104000,5927,8000,2000,25500,41427,
0015_251.6,49,62573,69000,73500,111000,154000,6427,4500,37500,43000,91427,
0015_252.5,49,62573,69000,82000,70000,98500,6427,13000,-12000,28500,35927,New Payson-Provo Freeway in 2030
0015_253.6,49,62749,74000,87000,78000,105000,11251,13000,-9000,27000,42251,New Payson-Provo Freeway in 2030
0015_255.9,49,62749,74000,98000,95500,126000,11251,24000,-2500,30500,63251,New Payson-Provo Freeway in 2030
0015_257.3,49,62749,73500,97500,91000,118000,10751,24000,-6500,27000,55251,New Payson-Provo Freeway in 2030
0015_257.6,49,109371,124000,135000,141000,169000,14629,11000,6000,28000,59629,
0015_258.8,49,109371,123000,150000,161000,187000,13629,27000,11000,26000,77629,
0015_260.0,49,127520,140000,161000,168000,190000,12480,21000,7000,22000,62480,
0015_261.8,49,139454,155000,179000,180000,209000,15546,24000,1000,29000,69546,
0015_263.4,49,136122,150000,171000,169000,194000,13878,21000,-2000,25000,57878,New Payson-Provo Freeway in 2040
0015_264.2,49,136122,150000,171000,169000,194000,13878,21000,-2000,25000,57878,New Payson-Provo Freeway in 2040
0015_265.6,49,156715,171000,196000,195000,215000,14285,25000,-1000,20000,58285,New Payson-Provo Freeway in 2040
0015_266.5,49,156715,171000,218000,215000,225000,14285,47000,-3000,10000,68285,New Payson-Provo Freeway in 2040
0015_267.9,49,156715,171000,218000,215000,225000,14285,47000,-3000,10000,68285,New Payson-Provo Freeway in 2040
0015_269.0,49,156715,174000,211000,237000,232000,17285,37000,26000,-5000,75285,Extended Parallel Freeway in 2050
0015_269.6,49,203203,221000,258000,283000,279000,17797,37000,25000,-4000,75797,Extended Parallel Freeway in 2050
0015_270.6,49,172724,188000,228000,252000,248000,15276,40000,24000,-4000,75276,Extended Parallel Freeway in 2050
0015_271.6,49,226144,241000,279000,304000,300000,14856,38000,25000,-4000,73856,Extended Parallel Freeway in 2050
0015_272.7,49,224692,239000,278000,304000,298000,14308,39000,26000,-6000,73308,Extended Parallel Freeway in 2050
0015_274.7,49,224692,239000,265000,297000,293000,14308,26000,32000,-4000,68308,Extended Parallel Freeway in 2050
0015_275.3,49,197359,206000,251000,285000,286000,8641,45000,34000,1000,88641,
0015_276.4,49,204775,221000,258000,295000,298000,16225,37000,37000,3000,93225,
0015_278.5,49,196832,218000,258000,274000,293000,21168,40000,16000,19000,96168,
0015_279.6,49,167079,195000,244000,261000,279000,27921,49000,17000,18000,111921,
0015_282.2,49,198543,224000,262000,293000,306000,25457,38000,31000,13000,107457,
0015_283.3,49,198543,239000,258000,286000,314000,40457,19000,28000,28000,115457,
0015_283.9,49,183972,210000,236000,278000,303000,26028,26000,42000,25000,119028,
0015_285.1,49,183972,210000,234000,274000,299000,26028,24000,40000,25000,115028,
0015_285.8,35,183972,209000,236000,265000,282000,25028,27000,29000,17000,98028,
0015_286.8,35,183972,209000,236000,265000,282000,25028,27000,29000,17000,98028,
0015_288.2,35,172642,200000,226000,251000,269000,27358,26000,25000,18000,96358,
0015_289.8,35,213024,243000,283000,313000,332000,29976,40000,30000,19000,118976,
0015_291.4,35,181420,217000,248000,275000,295000,35580,31000,27000,20000,113580,
0015_292.6,35,187465,222000,248000,271000,292000,34535,26000,23000,21000,104535,
0015_293.0,35,193512,230000,243000,266000,274000,36488,13000,23000,8000,80488,
0015_293.6,35,193512,230000,243000,266000,288000,36488,13000,23000,22000,94488,
0015_295.6,35,263955,307000,341000,357000,369000,43045,34000,16000,12000,105045,
0015_297.9,35,275014,323000,348000,366000,381000,47986,25000,18000,15000,105986,
0015_299.0,35,205674,213000,253000,269000,282000,7326,40000,16000,13000,76326,
0015_300.3,35,238221,246000,286000,298000,309000,7779,40000,12000,11000,70779,
0015_301.7,35,243490,250000,290000,300000,309000,6510,40000,10000,9000,65510,
0015_302.5,35,243490,250000,290000,300000,309000,6510,40000,10000,9000,65510,
0015_303.4,35,224050,231000,265000,278000,283000,6950,34000,13000,5000,58950,
0015_304.7,35,224050,235000,269000,277000,281000,10950,34000,8000,4000,56950,
0015_305.2,35,287320,296000,332000,343000,352000,8680,36000,11000,9000,64680,
0015_305.9,35,287320,296000,329000,337000,342000,8680,33000,8000,5000,54680,
0015_306.3,35,255101,263000,277000,282000,284000,7899,14000,5000,2000,28899,
0015_307.2,35,255101,263000,274000,279000,288000,7899,11000,5000,9000,32899,
0015_307.5,35,255101,264000,294000,313000,320000,8899,30000,19000,7000,64899,
0015_307.6,35,202214,215000,248000,267000,274000,12786,33000,19000,7000,71786,
0015_307.8,35,164751,173000,201000,219000,225000,8249,28000,18000,6000,60249,
0015_308.4,35,161607,170000,197000,216000,223000,8393,27000,19000,7000,61393,
0015_309.3,35,136857,143000,177000,193000,202000,6143,34000,16000,9000,65143,
0015_310.2,35,136120,142000,177000,194000,202000,5880,35000,17000,8000,65880,
0015_311.4,35,136120,142000,177000,192000,201000,5880,35000,15000,9000,64880,
0015_311.8,11,168352,175000,212000,222000,230000,6648,37000,10000,8000,61648,
0015_313.7,11,175520,161000,188000,194000,204000,-14520,27000,6000,10000,28480,drop in 2024 - due to Legacy Highway Restrictions Higher Speed and end of truck restrictions
0015_315.3,11,167543,153000,181000,187000,198000,-14543,28000,6000,11000,30457,drop in 2024 - due to Legacy Highway Restrictions Higher Speed and end of truck restrictions
0015_316.9,11,168598,156000,182000,189000,200000,-12598,26000,7000,11000,31402,drop in 2024 - due to Legacy Highway Restrictions Higher Speed and end of truck restrictions
0015_317.6,11,141893,130000,155000,161000,170000,-11893,25000,6000,9000,28107,drop in 2024 - due to Legacy Highway Restrictions Higher Speed and end of truck restrictions
0015_318.3,11,158162,148000,173000,180000,190000,-10162,25000,7000,10000,31838,drop in 2024 - due to Legacy Highway Restrictions Higher Speed and end of truck restrictions
0015_319.5,11,166664,159000,181000,188000,196000,-7664,22000,7000,8000,29336,drop in 2024 - due to Legacy Highway Restrictions Higher Speed and end of truck restrictions
0015_321.0,11,166664,146000,165000,171000,178000,-20664,19000,6000,7000,11336,drop in 2024 - due to Legacy Highway Restrictions Higher Speed and end of truck restrictions
0015_322.0,11,149689,129000,147000,154000,159000,-20689,18000,7000,5000,9311,drop in 2024 - due to Legacy Highway Restrictions Higher Speed and end of truck restrictions
0015_323.8,11,149689,128000,143000,146000,149000,-21689,15000,3000,3000,-689,drop in 2024 - due to Legacy Highway Restrictions Higher Speed and end of truck restrictions
0015_324.4,11,128474,127000,143000,149000,154000,-1474,16000,6000,5000,25526,drop in 2024 - due to Legacy Highway Restrictions Higher Speed and end of truck restrictions
0015_325.6,11,128474,125000,145000,154000,161000,-3474,20000,9000,7000,32526,drop in 2024 - due new WDC and US-89 freeways
0015_328.7,11,152566,149000,166000,177000,185000,-3566,17000,11000,8000,32434,drop in 2024 - due new WDC and US-89 freeways
0015_330.1,11,131973,131000,146000,156000,162000,-973,15000,10000,6000,30027,drop in 2024 - due new WDC and US-89 freeways
0015_331.6,11,132528,133000,149000,158000,165000,472,16000,9000,7000,32472,
0015_332.9,11,126621,132000,149000,158000,166000,5379,17000,9000,8000,39379,
0015_334.1,11,132824,139000,156000,164000,172000,6176,17000,8000,8000,39176,
0015_335.8,11,127740,137000,157000,164000,172000,9260,20000,7000,8000,44260,
0015_337.0,11,127740,137000,151000,160000,169000,9260,14000,9000,9000,41260,
0015_338.5,57,114614,123000,137000,149000,156000,8386,14000,12000,7000,41386,
0015_339.1,57,104700,113000,126000,138000,145000,8300,13000,12000,7000,40300,
0015_340.3,57,118007,129000,143000,159000,169000,10993,14000,16000,10000,50993,
0015_342.0,57,116047,126000,140000,158000,168000,9953,14000,18000,10000,51953,
0015_343.1,57,95153,111000,127000,145000,154000,15847,16000,18000,9000,58847,
0015_343.9,57,90476,104000,113000,127000,137000,13524,9000,14000,10000,46524,
0015_345.0,57,75530,87000,98500,109000,118000,11470,11500,10500,9000,42470,
0015_346.7,57,66531,76000,84500,95500,103000,9469,8500,11000,7500,36469,
0015_349.4,57,54688,60000,67000,77000,82500,5312,7000,10000,5500,27812,
0015_351.9,3,58375,63500,70000,79000,86000,5125,6500,9000,7000,27625,
0015_357.6,3,54223,58500,65000,73000,80000,4277,6500,8000,7000,25777,
0015_362.0,3,31666,35500,39500,46000,51500,3834,4000,6500,5500,19834,
0015_363.7,3,30766,33500,36500,42500,48000,2734,3000,6000,5500,17234,
0015_365.5,3,28215,30500,33000,37000,41000,2285,2500,4000,4000,12785,
0026_000.0,57,23352,24000,27000,28500,29500,648,3000,1500,1000,6148,
0026_000.2,57,23352,24000,26500,28500,29000,648,2500,2000,500,5648,
0026_000.4,57,49403,50500,53500,55000,56000,1097,3000,1500,1000,6597,
0026_000.7,57,49403,51000,55000,57500,59000,1597,4000,2500,1500,9597,
0026_001.0,57,50385,51500,55500,57000,58000,1115,4000,1500,1000,7615,
0026_001.3,57,54673,55000,56500,57000,57500,327,1500,500,500,2827,
0026_001.8,57,54673,55000,57500,59000,60000,327,2500,1500,1000,5327,
0026_002.7,57,54673,55500,58000,60000,61500,827,2500,2000,1500,6827,
0026_003.0,57,12832,13500,14000,15000,16000,668,500,1000,1000,3168,
0026_003.2,57,12832,13500,14500,15500,16500,668,1000,1000,1000,3668,
0026_003.3,57,12832,13000,14000,14500,15500,168,1000,500,1000,2668,
0026_003.5,57,10476,11000,12000,12500,13500,524,1000,500,1000,3024,
0037_000.0,11,16189,17000,34000,35000,37500,811,17000,1000,2500,21311,
0037_001.0,11,18173,19000,35000,36500,37000,827,16000,1500,500,18827,
0037_001.5,11,18173,19000,30000,31500,32500,827,11000,1500,1000,14327,
0037_002.0,11,16848,17500,19000,19500,21000,652,1500,500,1500,4152,
0037_003.0,11,3457,3900,4700,5100,6200,443,800,400,1100,2743,
0037_003.5,11,3457,4000,4400,5000,5500,543,400,600,500,2043,
0037_004.1,11,3457,9400,11000,12000,12500,5943,1600,1000,500,9043,
0037_004.5,11,2735,4000,5200,6800,8400,1265,1200,1600,1600,5665,
0037_005.7,11,2735,4000,5200,6900,8400,1265,1200,1700,1500,5665,
0037_006.2,57,2326,3300,4200,5900,7000,974,900,1700,1100,4674,
0037_006.7,57,3280,4000,4900,6500,7600,720,900,1600,1100,4320,
0037_007.2,57,3280,3800,4500,5800,6700,520,700,1300,900,3420,
0037_009.0,57,3280,4000,6300,8100,9100,720,2300,1800,1000,5820,
0037_009.6,57,3280,4400,5400,7300,8000,1120,1000,1900,700,4720,
0037_010.0,57,10381,10500,13000,14500,15500,119,2500,1500,1000,5119,
0037_010.5,57,10381,10500,11000,12500,13000,119,500,1500,500,2619,
0037_011.5,57,10858,11000,11500,13000,13500,142,500,1500,500,2642,
0038_000.0,3,3160,3200,3200,3300,3600,40,0,100,300,440,
0038_000.5,3,3793,4000,4100,4600,4900,207,100,500,300,1107,
0038_003.2,3,3793,4000,4100,4500,4900,207,100,400,400,1107,
0039_000.0,57,6150,6700,9100,12500,17000,550,2400,3400,4500,10850,
0039_000.5,57,6150,7000,8800,14000,18500,850,1800,5200,4500,12350,
0039_001.5,57,7892,8700,10000,14500,21000,808,1300,4500,6500,13108,
0039_002.4,57,8542,9200,10500,14500,20500,658,1300,4000,6000,11958,
0039_003.5,57,18887,19500,20000,20500,25000,613,500,500,4500,6113,
0039_004.0,57,32335,32500,33000,35000,37500,165,500,2000,2500,5165,
0039_004.3,57,37103,37500,38000,42000,43500,397,500,4000,1500,6397,
0039_005.1,57,37103,37500,38000,38500,40500,397,500,500,2000,3397,
0039_006.0,57,25699,26000,26000,26500,27000,301,0,500,500,1301,
0039_006.1,57,25699,26000,26000,26500,27000,301,0,500,500,1301,
0039_006.2,57,25699,26000,26000,26500,27500,301,0,500,1000,1801,
0039_006.4,57,24174,24500,25000,26000,26500,326,500,1000,500,2326,
0039_007.3,57,20093,21500,22000,22500,25000,1407,500,500,2500,4907,
0039_007.7,57,10966,11000,11500,12000,12500,34,500,500,500,1534,
0039_007.9,57,7276,7400,7400,7500,7700,124,0,100,200,424,
0039_008.7,57,9056,9400,9800,10000,10500,344,400,200,500,1444,
0048_000.0,35,39634,42000,41500,42000,43500,2366,-500,500,1500,3866,additional capacity on parallel corridors
0048_000.5,35,33580,35500,32500,33000,34000,1920,-3000,500,1000,420,additional capacity on parallel corridors
0048_001.0,35,38621,40000,37000,37000,37500,1379,-3000,0,500,-1121,additional capacity on parallel corridors
0048_001.5,35,38621,40000,37000,37000,37500,1379,-3000,0,500,-1121,additional capacity on parallel corridors
0048_002.0,35,27405,28500,30500,36000,38500,1095,2000,5500,2500,11095,
0048_002.5,35,26455,27500,29000,34500,36500,1045,1500,5500,2000,10045,
0048_003.3,35,26455,32000,33500,37000,38000,5545,1500,3500,1000,11545,
0048_003.5,35,49282,59500,61500,65000,68500,10218,2000,3500,3500,19218,
0048_003.9,35,37697,41500,46500,50000,52500,3803,5000,3500,2500,14803,
0048_004.1,35,37697,40000,45500,48000,49000,2303,5500,2500,1000,11303,
0051_000.0,49,7230,7600,7600,7700,7800,370,0,100,100,570,
0051_000.6,49,8361,10000,10000,10500,11000,1639,0,500,500,2639,
0051_001.0,49,8361,9300,9800,10500,12000,939,500,700,1500,3639,
0051_002.4,49,11329,13000,15000,15500,16500,1671,2000,500,1000,5171,
0052_000.0,49,7282,12500,20000,27000,40500,5218,7500,7000,13500,33218,
0052_000.5,49,37913,43000,48500,53000,64000,5087,5500,4500,11000,26087,
0052_000.6,49,37913,41500,46500,51000,58000,3587,5000,4500,7000,20087,
0052_001.0,49,37913,41500,45000,49000,55000,3587,3500,4000,6000,17087,
0052_001.5,49,33857,37000,40500,45000,50000,3143,3500,4500,5000,16143,
0052_001.8,49,41770,44500,47000,50000,54500,2730,2500,3000,4500,12730,
0052_002.1,49,41770,44500,47000,50500,55000,2730,2500,3500,4500,13230,
0052_002.6,49,30259,33000,35000,35500,40500,2741,2000,500,5000,10241,
0052_003.1,49,36980,39500,41000,44000,47000,2520,1500,3000,3000,10020,
0052_003.7,49,36980,41000,43000,47500,51500,4020,2000,4500,4000,14520,
0053_000.1,57,14708,17500,18000,28500,29500,2792,500,10500,1000,14792,
0053_000.9,57,20064,23000,24500,34500,36500,2936,1500,10000,2000,16436,
0053_001.5,57,20064,21500,22000,26000,27000,1436,500,4000,1000,6936,
0053_001.7,57,17307,19000,20000,24500,26000,1693,1000,4500,1500,8693,
0053_001.8,57,17307,18500,19500,23000,24500,1193,1000,3500,1500,7193,
0060_000.0,57,15713,16500,17500,18500,19500,787,1000,1000,1000,3787,
0060_000.8,11,2890,3100,3200,3500,3900,210,100,300,400,1010,
0060_003.7,11,3786,4200,1300,1600,2200,414,-2900,300,600,-1586,New connector in 2030
0060_004.4,11,3786,4500,4900,5900,6900,714,400,1000,1000,3114,
0060_007.4,11,3700,4200,4700,5500,6300,500,500,800,800,2600,
0067_000.0,11,23570,52500,62000,72000,74000,28930,9500,10000,2000,50430,
0067_001.0,11,23570,52500,62000,72000,74000,28930,9500,10000,2000,50430,
0067_004.1,11,24624,55500,65000,75000,77000,30876,9500,10000,2000,52376,
0067_007.3,11,27210,58000,66000,76000,77500,30790,8000,10000,1500,50290,
0067_010.1,11,27210,52000,56500,64000,65000,24790,4500,7500,1000,37790,
0068_000.0,49,1400,1600,1700,2300,3400,200,100,600,1100,2000,
0068_012.8,49,1400,1600,1800,2400,3200,200,200,600,800,1800,
0068_017.2,49,1400,1700,2000,2900,6200,300,300,900,3300,4800,
0068_023.7,49,1400,3700,7000,2600,12500,2300,3300,-4400,9900,11100,Foothill extended in 2030 and further in 2040 and 
0068_024.7,49,1400,3000,5500,2800,5100,1600,2500,-2700,2300,3700,Foothill extended in 2030 and further in 2040 and 
0068_025.0,49,11598,16500,17500,11500,13000,4902,1000,-6000,1500,1402,Foothill extended in 2030 and further in 2040 and 
0068_026.5,49,11598,17000,19000,11500,12000,5402,2000,-7500,500,402,Foothill extended in 2030 and further in 2040 and 
0068_026.9,49,11598,17000,16000,7900,8500,5402,-1000,-8100,600,-3098,Foothill extended in 2030 and further in 2040 and 
0068_027.4,49,11598,19000,14500,5600,5900,7402,-4500,-8900,300,-5698,Foothill extended in 2030 and further in 2040 and 
0068_028.3,49,11598,19500,15500,6000,6600,7902,-4000,-9500,600,-4998,Foothill extended in 2030 and further in 2040 and 
0068_029.3,49,11598,20500,16500,3200,3600,8902,-4000,-13300,400,-7998,Foothill extended in 2030 and further in 2040 and 
0068_029.7,49,11598,21000,17500,5000,5200,9402,-3500,-12500,200,-6398,Foothill extended in 2030 and further in 2040 and 
0068_030.5,49,22365,31500,25000,15500,15500,9135,-6500,-9500,0,-6865,Foothill extended in 2030 and further in 2040 and 
0068_031.0,49,23195,26000,14500,9900,12000,2805,-11500,-4600,2100,-11195,Foothill extended in 2030 and further in 2040 and 
0068_031.5,49,23195,24500,22000,12000,17500,1305,-2500,-10000,5500,-5695,Foothill extended in 2030 and further in 2040 and 
0068_031.7,49,23195,26500,19000,26000,30000,3305,-7500,7000,4000,6805,Foothill extended in 2030 and further in 2040 and 
0068_032.7,49,24050,20500,9200,12000,15000,-3550,-11300,2800,3000,-9050,2100 extended in 2024 Foothill extended in 2030 and further in 2040 and 
0068_033.6,49,24050,16000,3500,6100,8200,-8050,-12500,2600,2100,-15850,2100 extended in 2024 Foothill extended in 2030 and further in 2040 and 
0068_034.5,49,24050,30000,6900,13500,17500,5950,-23100,6600,4000,-6550,2100 extended in 2024 Foothill extended in 2030 and further in 2040 and 
0068_034.6,49,24165,41500,10000,10500,11000,17335,-31500,500,500,-13165,2100 extended in 2024 Foothill extended in 2030 and further in 2040 and 
0068_036.0,35,31298,38500,7900,9500,12500,7202,-30600,1600,3000,-18798,new parallel MVC freeway and N-S arterial
0068_038.1,35,23844,25500,32500,34000,39500,1656,7000,1500,5500,15656,
0068_039.2,35,23844,24000,33000,35500,39500,156,9000,2500,4000,15656,
0068_040.1,35,27948,29000,36500,40000,44000,1052,7500,3500,4000,16052,
0068_040.8,35,14812,17000,24000,28500,32000,2188,7000,4500,3500,17188,
0068_041.3,35,14812,17000,23000,27500,31000,2188,6000,4500,3500,16188,
0068_042.3,35,19143,22000,25000,26500,29000,2857,3000,1500,2500,9857,
0068_043.3,35,19143,21500,24500,25500,27500,2357,3000,1000,2000,8357,
0068_043.8,35,27829,29000,30500,32500,33000,1171,1500,2000,500,5171,
0068_045.1,35,29461,31500,32000,33000,33500,2039,500,1000,500,4039,
0068_045.8,35,30876,31500,32500,33000,33500,624,1000,500,500,2624,
0068_046.8,35,41631,42000,35000,31500,32500,369,-7000,-3500,1000,-9131,additional capacity on I-15 and Bangerter
0068_047.2,35,41631,42500,35500,32500,33000,869,-7000,-3000,500,-8631,additional capacity on I-15 and Bangerter
0068_047.8,35,41631,43000,33500,29500,31500,1369,-9500,-4000,2000,-10131,additional capacity on I-15 and Bangerter
0068_048.3,35,42973,42500,37000,32000,33000,-473,-5500,-5000,1000,-9973,additional capacity on I-15 and Bangerter
0068_049.3,35,45178,45000,40500,41000,42500,-178,-4500,500,1500,-2678,additional capacity on I-15 and Bangerter
0068_050.3,35,76928,75000,70000,71500,72500,-1928,-5000,1500,1000,-4428,additional capacity on I-15 and Bangerter
0068_050.7,35,69793,68500,65000,66500,68500,-1293,-3500,1500,2000,-1293,additional capacity on I-15 and Bangerter
0068_051.3,35,39751,31500,32000,34000,35000,-8251,500,2000,1000,-4751,additional capacity on I-15 and Bangerter
0068_052.1,35,39751,30500,32000,33500,35000,-9251,1500,1500,1500,-4751,additional capacity on I-15 and Bangerter
0068_052.3,35,40072,40500,41000,43000,44000,428,500,2000,1000,3928,
0068_053.1,35,52053,52500,53000,55500,58000,447,500,2500,2500,5947,
0068_053.3,35,35476,35500,36000,37000,38500,24,500,1000,1500,3024,
0068_054.3,35,26152,27000,27500,28500,30000,848,500,1000,1500,3848,
0068_054.8,35,26152,27000,27500,29000,29500,848,500,1500,500,3348,
0068_055.7,35,26152,27000,28500,29000,25000,848,1500,500,-4000,-1152,additional access on parallel corridor I-215
0068_056.2,35,26152,28500,29000,30000,29500,2348,500,1000,-500,3348,additional access on parallel corridor I-215
0068_056.3,35,34798,36500,36500,37500,36500,1702,0,1000,-1000,1702,additional access on parallel corridor I-215
0068_056.8,35,34798,35500,36000,38000,36500,702,500,2000,-1500,1702,additional access on parallel corridor I-215
0068_057.3,35,23604,24000,24000,26000,25000,396,0,2000,-1000,1396,additional access on parallel corridor I-215
0068_058.1,35,23604,25500,26000,27500,27000,1896,500,1500,-500,3396,0
0068_058.7,35,23604,26000,28000,30000,29500,2396,2000,2000,-500,5896,0
0068_059.1,35,26107,28500,28500,30500,33000,2393,0,2000,2500,6893,
0068_059.5,35,22889,24500,26500,28000,28000,1611,2000,1500,0,5111,
0068_060.4,35,19515,20000,21000,22000,23000,485,1000,1000,1000,3485,
0068_060.8,35,12632,13000,14000,17000,17500,368,1000,3000,500,4868,
0068_061.8,35,12632,13500,14000,16000,16500,868,500,2000,500,3868,
0068_062.6,11,13640,14000,15000,18000,18500,360,1000,3000,500,4860,
0068_063.8,11,14565,15500,19000,22000,23500,935,3500,3000,1500,8935,
0068_064.4,11,10614,11500,14000,17000,19000,886,2500,3000,2000,8386,
0068_065.7,11,10614,13000,16000,17500,22000,2386,3000,1500,4500,11386,
0068_066.6,11,10614,13000,16000,18000,22000,2386,3000,2000,4000,11386,
0068_067.3,11,9680,11000,15000,18500,22500,1320,4000,3500,4000,12820,
0068_068.2,11,10968,12500,16000,19000,23500,1532,3500,3000,4500,12532,
0068_068.7,11,10968,13000,16000,19500,23500,2032,3000,3500,4000,12532,
0068_068.9,11,15944,18000,21500,25000,29000,2056,3500,3500,4000,13056,
0068_069.0,11,15944,16500,18500,19500,21500,556,2000,1000,2000,5556,
0068_069.2,11,25438,25500,27000,27500,29000,62,1500,500,1500,3562,
0068_069.6,11,15373,15500,16000,17000,17500,127,500,1000,500,2127,
0068_070.0,11,15373,15500,16000,16500,17000,127,500,500,500,1627,
0068_070.2,11,15373,15500,16000,16500,17000,127,500,500,500,1627,
0068_070.5,11,0,200,600,1000,1100,200,400,400,100,1100,
0071_000.0,35,26156,29000,29000,32500,33500,2844,0,3500,1000,7344,
0071_000.4,35,26156,30000,27500,29500,32500,3844,-2500,2000,3000,6344,Bangerter Improvements
0071_001.4,35,34033,37500,35000,38500,41000,3467,-2500,3500,2500,6967,Bangerter Improvements
0071_002.4,35,29372,32000,30000,37000,42000,2628,-2000,7000,5000,12628,Bangerter Improvements
0071_002.9,35,28840,32000,29000,36500,40500,3160,-3000,7500,4000,11660,Bangerter Improvements
0071_004.1,35,33456,37000,34000,41500,45000,3544,-3000,7500,3500,11544,Bangerter Improvements
0071_004.7,35,34013,38500,34500,42000,44000,4487,-4000,7500,2000,9987,Bangerter Improvements
0071_005.0,35,32864,35500,36000,44000,44500,2636,500,8000,500,11636,
0071_005.1,35,32864,34500,35500,40500,41500,1636,1000,5000,1000,8636,
0071_005.5,35,37070,38000,38500,42000,43500,930,500,3500,1500,6430,
0071_006.0,35,14296,14500,14500,16500,16500,204,0,2000,0,2204,
0071_006.6,35,14296,14500,14500,16500,16500,204,0,2000,0,2204,
0071_007.2,35,15697,16500,16500,17500,17500,803,0,1000,0,1803,
0071_007.7,35,23454,23500,17000,18500,18500,46,-6500,1500,0,-4954,I-15 improvements / New I-15 Crossing / Area Type / 1300 E Operational Improvements
0071_008.2,35,27460,27500,24500,26500,26500,40,-3000,2000,0,-960,I-15 improvements / New I-15 Crossing / Area Type / 1300 E Operational Improvements
0071_009.2,35,28560,29000,28500,30000,31500,440,-500,1500,1500,2940,I-15 improvements / New I-15 Crossing / Area Type / 1300 E Operational Improvements
0071_009.7,35,29245,30500,33500,39000,41000,1255,3000,5500,2000,11755,
0071_010.2,35,40253,39000,41000,49000,50500,-1253,2000,8000,1500,10247,I-15 improvements
0071_010.7,35,29656,28500,30500,36500,38000,-1156,2000,6000,1500,8344,I-15 improvements
0071_011.5,35,29656,28500,30500,36500,38000,-1156,2000,6000,1500,8344,I-15 improvements
0071_011.7,35,28866,27000,28000,34500,36000,-1866,1000,6500,1500,7134,I-15 improvements
0071_012.2,35,28866,27000,27500,33500,35000,-1866,500,6000,1500,6134,I-15 improvements
0071_012.6,35,28866,27500,28500,34000,35500,-1366,1000,5500,1500,6634,I-15 improvements
0071_012.7,35,22611,22000,23500,26000,27000,-611,1500,2500,1000,4389,I-15 improvements
0071_013.3,35,28054,28000,29500,30500,32000,-54,1500,1000,1500,3946,I-15 improvements
0071_014.1,35,29160,29000,30500,31500,32500,-160,1500,1000,1000,3340,I-15 improvements
0071_014.6,35,27129,27000,28000,29000,30500,-129,1000,1000,1500,3371,I-15 improvements
0071_015.7,35,26803,27500,29000,30500,32000,697,1500,1500,1500,5197,
0071_016.5,35,37858,38500,39000,41000,42500,642,500,2000,1500,4642,
0071_017.4,35,34487,35000,36000,37500,39500,513,1000,1500,2000,5013,
0071_018.3,35,39380,40000,40500,41000,43500,620,500,500,2500,4120,
0071_019.2,35,34530,35500,35500,36000,37500,970,0,500,1500,2970,
0071_019.6,35,49900,50000,50500,52000,54000,100,500,1500,2000,4100,
0071_020.0,35,47312,47500,48000,50500,52000,188,500,2500,1500,4688,
0071_020.6,35,47119,47500,48000,49000,50000,381,500,1000,1000,2881,
0071_021.2,35,44196,44500,45000,46000,48000,304,500,1000,2000,3804,
0071_021.7,35,44196,44500,44500,45000,45000,304,0,500,0,804,
0071_021.9,35,44243,45000,45000,45000,47500,757,0,0,2500,3257,
0071_022.2,35,44243,44500,44500,44500,45000,257,0,0,500,757,
0071_022.3,35,44243,45000,47000,48500,50000,757,2000,1500,1500,5757,
0073_018.5,49,1898,2100,2300,2900,3200,202,200,600,300,1302,
0073_020.7,49,3103,3500,3700,4800,1900,397,200,1100,-2900,-1203,Cedar Valley Fwy extended in 2050
0073_024.6,49,3123,4000,4200,7000,3500,877,200,2800,-3500,377,Cedar Valley Fwy extended in 2050
0073_025.7,49,4177,5200,5600,10500,8600,1023,400,4900,-1900,4423,Cedar Valley Fwy extended in 2050
0073_027.8,49,4177,5300,5700,11500,17000,1123,400,5800,5500,12823,
0073_029.7,49,4177,7300,8100,10500,18000,3123,800,2400,7500,13823,
0073_030.7,49,4177,9300,21000,63500,111000,5123,11700,42500,47500,106823,
0073_033.3,49,33642,42500,66000,94500,140000,8858,23500,28500,45500,106358,
0073_034.6,49,33642,44000,77500,109000,160000,10358,33500,31500,51000,126358,
0073_035.4,49,23014,5400,14000,17000,24500,-17614,8600,3000,7500,1486,2100 N extended in 2024
0073_035.7,49,25346,29000,29500,30000,30500,3654,500,500,500,5154,
0074_000.0,49,20270,20500,23000,28000,30000,230,2500,5000,2000,9730,
0074_000.1,49,20270,20500,21500,25000,27000,230,1000,3500,2000,6730,
0074_000.4,49,21635,22000,23000,32000,33500,365,1000,9000,1500,11865,
0074_001.0,49,16867,17500,20000,22500,24000,633,2500,2500,1500,7133,
0074_001.6,49,14250,19000,21500,22500,24000,4750,2500,1000,1500,9750,
0074_002.1,49,14250,20000,22000,23500,25000,5750,2000,1500,1500,10750,
0074_002.3,49,14250,15000,15500,17000,17500,750,500,1500,500,3250,
0074_003.1,49,15801,16000,16000,16500,17000,199,0,500,500,1199,
0074_003.9,49,13886,14000,14000,15000,15500,114,0,1000,500,1614,
0074_004.6,49,16449,16500,16500,17500,18000,51,0,1000,500,1551,
0075_000.0,49,12096,14500,17500,23000,25000,2404,3000,5500,2000,12904,
0075_000.1,49,12096,13500,17500,23000,24500,1404,4000,5500,1500,12404,
0075_000.6,49,12096,13500,18000,22000,23000,1404,4500,4000,1000,10904,
0075_000.9,49,12096,13000,14500,16500,17000,904,1500,2000,500,4904,
0077_000.0,49,1485,1500,1700,1800,4600,15,200,100,2800,3115,
0077_001.0,49,1485,1500,1900,2000,2200,15,400,100,200,715,
0077_002.4,49,2958,3000,3300,3400,3800,42,300,100,400,842,
0077_002.9,49,2958,3000,3300,3600,7500,42,300,300,3900,4542,
0077_003.9,49,2958,3000,3100,4200,16000,42,100,1100,11800,13042,
0077_004.9,49,2958,3000,3500,4500,11000,42,500,1000,6500,8042,
0077_006.6,49,9660,14500,17000,19500,24000,4840,2500,2500,4500,14340,
0077_007.4,49,34775,38000,41500,38000,44000,3225,3500,-3500,6000,9225,1600 S Interchange in 2030
0077_007.9,49,34775,37000,38000,35500,38500,2225,1000,-2500,3000,3725,1600 S Interchange in 2030
0077_008.5,49,20552,22000,22500,20000,22500,1448,500,-2500,2500,1948,1600 S Interchange in 2030
0079_000.0,57,10263,11500,12000,12500,14000,1237,500,500,1500,3737,
0079_000.7,57,17021,18000,18500,19500,20000,979,500,1000,500,2979,
0079_001.9,57,21122,21500,22000,22500,23500,378,500,500,1000,2378,
0079_002.5,57,26975,30000,32000,33000,35500,3025,2000,1000,2500,8525,
0079_002.9,57,11338,13000,14000,14500,15500,1662,1000,500,1000,4162,
0079_003.0,57,9217,11000,12500,13000,14000,1783,1500,500,1000,4783,
0079_003.3,57,10098,11500,13000,13500,14500,1402,1500,500,1000,4402,
0079_003.4,57,10098,11500,12000,12500,13000,1402,500,500,500,2902,
0079_003.6,57,10098,10500,11000,11500,12000,402,500,500,500,1902,
0079_003.9,57,11849,12000,13000,20000,21500,151,1000,7000,1500,9651,
0079_003.9,57,11849,12000,13000,20000,21500,151,1000,7000,1500,9651,
0079_004.3,57,8694,9200,9700,12000,12500,506,500,2300,500,3806,
0079_004.9,57,9570,10000,10500,11500,12000,430,500,1000,500,2430,
0079_005.0,57,9570,10500,11000,12000,13000,930,500,1000,1000,3430,
0079_005.1,57,9570,10500,12000,12500,13500,930,1500,500,1000,3930,
0080_101.5,35,28378,31000,28500,31500,35000,2622,-2500,3000,3500,6622,0
0080_104.3,35,29473,32500,31000,34000,37500,3027,-1500,3000,3500,8027,0
0080_111.3,35,27418,44000,52000,56500,65000,16582,8000,4500,8500,37582,
0080_112.5,35,27418,44000,52000,59000,69500,16582,8000,7000,10500,42082,
0080_113.3,35,44362,60500,75500,99500,122000,16138,15000,24000,22500,77638,
0080_114.3,35,64984,82000,101000,112000,127000,17016,19000,11000,15000,62016,
0080_115.3,35,74319,90000,117000,126000,145000,15681,27000,9000,19000,70681,
0080_117.7,35,74420,81500,85000,88500,99000,7080,3500,3500,10500,24580,
0080_122.4,35,150998,154000,157000,165000,173000,3002,3000,8000,8000,22002,
0080_123.2,35,137011,141000,147000,154000,162000,3989,6000,7000,8000,24989,
0080_124.1,35,128183,131000,139000,146000,153000,2817,8000,7000,7000,24817,
0080_125.1,35,105552,108000,116000,123000,132000,2448,8000,7000,9000,26448,
0080_126.8,35,105552,108000,115000,122000,130000,2448,7000,7000,8000,24448,
0080_127.0,35,43434,45500,52500,59500,65000,2066,7000,7000,5500,21566,
0080_127.8,35,40871,43500,51000,58000,64500,2629,7500,7000,6500,23629,
0084_081.0,57,21526,24500,25500,29000,32000,2974,1000,3500,3000,10474,
0084_081.7,57,23604,27000,29000,33000,36500,3396,2000,4000,3500,12896,
0084_084.6,11,22567,27000,29000,30000,33000,4433,2000,1000,3000,10433,
0084_087.8,11,23268,25000,27500,31000,35000,1732,2500,3500,4000,11732,
0085_003.0,35,13757,21500,37500,50000,57000,7743,16000,12500,7000,43243,
0085_003.5,35,13757,21000,87500,118000,151000,7243,66500,30500,33000,137243,
0085_004.5,35,13757,21000,86000,116000,150000,7243,65000,30000,34000,136243,
0085_005.8,35,16774,21000,87000,117000,151000,4226,66000,30000,34000,134226,
0085_006.0,35,16774,17500,81500,114000,147000,726,64000,32500,33000,130226,
0085_006.6,35,16774,20000,88500,120000,153000,3226,68500,31500,33000,136226,
0085_007.9,35,15001,20500,60500,92500,117000,5499,40000,32000,24500,101999,
0085_008.9,35,28952,37000,69000,112000,144000,8048,32000,43000,32000,115048,
0085_010.0,35,33148,42000,75500,121000,154000,8852,33500,45500,33000,120852,
0085_010.3,35,33148,36500,66500,112000,141000,3352,30000,45500,29000,107852,
0085_010.8,35,33148,41500,63000,110000,137000,8352,21500,47000,27000,103852,
0085_011.3,35,33148,43500,71000,108000,137000,10352,27500,37000,29000,103852,
0085_012.5,35,12771,20500,31500,86500,111000,7729,11000,55000,24500,98229,
0085_013.9,35,14532,22500,25500,90000,112000,7968,3000,64500,22000,97468,
0085_015.5,35,23249,31500,32000,96000,118000,8251,500,64000,22000,94751,
0085_017.7,35,13712,24500,25500,85000,101000,10788,1000,59500,16000,87288,
0085_018.7,35,10100,24000,24500,84500,99500,13900,500,60000,15000,89400,
0089_322.3,49,6595,7800,9000,9800,11000,1205,1200,800,1200,4405,
0089_324.2,49,6595,7800,9200,9400,10500,1205,1400,200,1100,3905,
0089_324.7,49,3990,5100,6300,6600,7200,1110,1200,300,600,3210,
0089_325.7,49,8056,8900,9500,10500,12000,844,600,1000,1500,3944,
0089_326.8,49,13767,14000,15500,14000,16000,233,1500,-1500,2000,2233,New Payson-Provo Freeway and new Arterial west of I-15 in 2040
0089_327.0,49,13767,14000,15500,11500,12500,233,1500,-4000,1000,-1267,New Payson-Provo Freeway and new Arterial west of I-15 in 2040
0089_327.7,49,14764,16000,22500,18500,21000,1236,6500,-4000,2500,6236,New Payson-Provo Freeway and new Arterial west of I-15 in 2040
0089_327.9,49,14764,16000,16500,11000,13500,1236,500,-5500,2500,-1264,New Payson-Provo Freeway and new Arterial west of I-15 in 2040
0089_328.1,49,14764,16500,17000,13500,18000,1736,500,-3500,4500,3236,New Payson-Provo Freeway and new Arterial west of I-15 in 2040
0089_328.5,49,14764,16000,16500,13000,18000,1236,500,-3500,5000,3236,New Payson-Provo Freeway and new Arterial west of I-15 in 2040
0089_328.8,49,30517,31500,32000,27000,31500,983,500,-5000,4500,983,New Payson-Provo Freeway and new Arterial west of I-15 in 2040
0089_329.8,49,29341,30500,31000,26000,26500,1159,500,-5000,500,-2841,New Payson-Provo Freeway and new Arterial west of I-15 in 2040
0089_331.1,49,23721,25000,30000,26000,27000,1279,5000,-4000,1000,3279,New Payson-Provo Freeway and new Arterial west of I-15 in 2040
0089_331.7,49,23721,25000,28000,26000,27000,1279,3000,-2000,1000,3279,New Payson-Provo Freeway and new Arterial west of I-15 in 2040
0089_333.1,49,26992,28500,29000,27000,28000,1508,500,-2000,1000,1008,New Payson-Provo Freeway and new Arterial west of I-15 in 2040
0089_333.2,49,26992,28000,28500,26000,26500,1008,500,-2500,500,-492,New Payson-Provo Freeway and new Arterial west of I-15 in 2040
0089_333.5,49,26992,27500,28000,29500,30000,508,500,1500,500,3008,
0089_334.1,49,16784,17500,20500,21500,22500,716,3000,1000,1000,5716,
0089_334.3,49,16784,18000,19500,20000,20500,1216,1500,500,500,3716,
0089_334.6,49,16784,18000,20000,29500,30000,1216,2000,9500,500,13216,
0089_334.9,49,31939,33500,27500,33000,33500,1561,-6000,5500,500,1561,New 820 Interchange in 2030
0089_335.0,49,31939,33500,28500,32000,32500,1561,-5000,3500,500,561,New 820 Interchange in 2030
0089_335.3,49,20084,21000,19000,20500,21000,916,-2000,1500,500,916,New 820 Interchange in 2030
0089_335.6,49,36697,39500,38500,37500,38500,2803,-1000,-1000,1000,1803,"New 820 Interchange in 2030, Independence Ave and Main St Connection in 2040"
0089_336.0,49,36697,37500,32000,30000,30500,803,-5500,-2000,500,-6197,"New 820 Interchange in 2030, Independence Ave and Main St Connection in 2040"
0089_336.5,49,38216,39000,35000,31500,32500,784,-4000,-3500,1000,-5716,"New 820 Interchange in 2030, Independence Ave and Main St Connection in 2040"
0089_336.7,49,49038,50000,45000,42000,43000,962,-5000,-3000,1000,-6038,"New 820 Interchange in 2030, Independence Ave and Main St Connection in 2040"
0089_337.2,49,49038,50000,45500,42000,43000,962,-4500,-3500,1000,-6038,"New 820 Interchange in 2030, Independence Ave and Main St Connection in 2040"
0089_337.5,49,49038,50000,46000,44000,45500,962,-4000,-2000,1500,-3538,"New 820 Interchange in 2030, Independence Ave and Main St Connection in 2040"
0089_337.9,49,49038,48500,47500,48000,48500,-538,-1000,500,500,-538,1150 S realignment in 2024 New 820 Interchange in 2030
0089_338.0,49,49038,47500,47000,48500,47000,-1538,-500,1500,-1500,-2038,"1150 S realignment in 2024 New 820 Interchange in 2030, Parallel Freeway extension in 2050"
0089_338.5,49,47369,48000,47500,50500,49000,631,-500,3000,-1500,1631,"New 820 Interchange in 2030, Parallel Freeway extension in 2050"
0089_339.1,49,57475,58500,58500,61500,61000,1025,0,3000,-500,3525,Parallel freeway extension in 2050
0089_339.6,49,57475,57500,58000,61000,59000,25,500,3000,-2000,1525,Parallel freeway extension in 2050
0089_340.2,49,53634,54000,55000,58000,56500,366,1000,3000,-1500,2866,Parallel freeway extension in 2050
0089_340.7,49,53634,54000,54000,56500,54500,366,0,2500,-2000,866,Parallel freeway extension in 2050
0089_341.3,49,47791,48500,49000,50500,48000,709,500,1500,-2500,209,Parallel freeway extension in 2050
0089_341.8,49,47791,48500,49000,51000,47000,709,500,2000,-4000,-791,Parallel freeway extension in 2050
0089_342.4,49,46567,47500,48000,50500,48000,933,500,2500,-2500,1433,Parallel freeway extension in 2050
0089_343.3,49,42203,43500,44000,46500,45000,1297,500,2500,-1500,2797,Parallel freeway extension in 2050
0089_344.0,49,34560,35000,35500,36000,33500,440,500,500,-2500,-1060,Parallel freeway extension in 2050
0089_344.3,49,34560,35000,35500,36500,34500,440,500,1000,-2000,-60,Parallel freeway extension in 2050
0089_344.6,49,34560,35500,36000,37000,36000,940,500,1000,-1000,1440,Parallel freeway extension in 2050
0089_344.7,49,34560,36000,36000,39000,35500,1440,0,3000,-3500,940,Parallel freeway extension in 2050
0089_345.0,49,34560,35500,36000,39000,35500,940,500,3000,-3500,940,Parallel freeway extension in 2050
0089_345.4,49,25706,26000,26500,30500,26000,294,500,4000,-4500,294,Parallel freeway extension in 2050
0089_345.9,49,25706,25000,25500,29000,26000,-706,500,3500,-3000,294,"New connectivity between 1300 W PG and North County Blvd and 500 E in AF in 2024, Parallel freeway extension in 2050"
0089_346.5,49,25706,22000,22500,25000,22500,-3706,500,2500,-2500,-3206,"New connectivity between 1300 W PG and North County Blvd and 500 E in AF in 2024, Parallel freeway extension in 2050"
0089_347.4,49,28434,27500,29000,32000,30500,-934,1500,3000,-1500,2066,"New connectivity between 1300 W PG and North County Blvd and 500 E in AF in 2024, Parallel freeway extension in 2050"
0089_348.0,49,34374,33500,36500,43000,42500,-874,3000,6500,-500,8126,"New connectivity between 1300 W PG and North County Blvd and 500 E in AF in 2024, Parallel freeway extension in 2050"
0089_348.3,49,34374,35500,39500,43000,42500,1126,4000,3500,-500,8126,Parallel freeway extension in 2050
0089_348.5,49,27365,28500,32500,36500,35500,1135,4000,4000,-1000,8135,Parallel freeway extension in 2050
0089_348.8,49,27365,27500,28000,28500,29000,135,500,500,500,1635,
0089_349.3,49,32294,30000,30500,34500,37000,-2294,500,4000,2500,4706,New AF 700 N connection in 2024
0089_349.8,49,29684,29500,30500,32500,33000,-184,1000,2000,500,3316,New I-15 in 2024
0089_350.1,49,29684,27500,29000,31500,32000,-2184,1500,2500,500,2316,New I-15 in 2024
0089_350.9,49,15912,13500,16000,18000,19500,-2412,2500,2000,1500,3588,New I-15 in 2024
0089_351.4,49,15912,15000,17500,19500,22000,-912,2500,2000,2500,6088,New I-15 in 2024
0089_351.8,49,14557,14000,17000,21000,23000,-557,3000,4000,2000,8443,New I-15 in 2024
0089_352.0,49,14557,14500,17000,21500,25500,-57,2500,4500,4000,10943,New I-15 in 2024
0089_352.2,49,17685,18500,20000,24500,28000,815,1500,4500,3500,10315,
0089_362.5,35,15000,15500,17000,20500,23000,500,1500,3500,2500,8000,
0089_363.3,35,16231,17500,19000,23000,28500,1269,1500,4000,5500,12269,
0089_363.8,35,16231,20500,24500,31000,32500,4269,4000,6500,1500,16269,
0089_364.3,35,30087,33500,39500,44000,47500,3413,6000,4500,3500,17413,
0089_364.8,35,30087,34500,42500,48000,48500,4413,8000,5500,500,18413,
0089_365.5,35,34949,39500,48000,52500,53000,4551,8500,4500,500,18051,
0089_366.3,35,34949,40000,48000,51000,51500,5051,8000,3000,500,16551,
0089_366.8,35,24648,20500,21000,23000,25500,-4148,500,2000,2500,852,I-15 Improvements
0089_367.2,35,24878,19500,20500,24500,26000,-5378,1000,4000,1500,1122,I-15 Improvements
0089_368.0,35,25405,19500,22000,26000,27000,-5905,2500,4000,1000,1595,I-15 Improvements
0089_368.4,35,24943,16000,17000,19000,20500,-8943,1000,2000,1500,-4443,I-15 Improvements
0089_369.0,35,34427,31500,33000,36500,39500,-2927,1500,3500,3000,5073,I-15 Improvements
0089_369.8,35,31113,33000,35000,37000,40500,1887,2000,2000,3500,9387,
0089_369.9,35,31230,32500,35000,36500,38000,1270,2500,1500,1500,6770,
0089_370.6,35,38309,39000,42000,43500,45000,691,3000,1500,1500,6691,
0089_371.0,35,38250,39000,42500,44000,45500,750,3500,1500,1500,7250,
0089_371.5,35,38250,38500,40000,41500,42000,250,1500,1500,500,3750,
0089_372.0,35,31970,33500,35000,37000,38500,1530,1500,2000,1500,6530,
0089_372.2,35,31970,34000,34500,36500,38000,2030,500,2000,1500,6030,
0089_372.6,35,40904,42500,43000,45000,46500,1596,500,2000,1500,5596,
0089_372.7,35,36631,38000,39000,41500,42500,1369,1000,2500,1000,5869,
0089_373.6,35,33678,35000,36000,38000,39000,1322,1000,2000,1000,5322,
0089_374.5,35,31067,32500,35500,37500,38500,1433,3000,2000,1000,7433,
0089_375.3,35,28658,30000,34000,36000,38000,1342,4000,2000,2000,9342,
0089_375.7,35,38169,39000,40500,42000,43000,831,1500,1500,1000,4831,
0089_376.2,35,33426,34500,36000,37000,38000,1074,1500,1000,1000,4574,
0089_376.8,35,30339,33500,34000,36000,37000,3161,500,2000,1000,6661,
0089_377.3,35,29755,33000,34500,36000,36500,3245,1500,1500,500,6745,
0089_377.9,35,25110,25500,28000,30000,33500,390,2500,2000,3500,8390,
0089_378.0,35,25110,26500,27000,28000,32000,1390,500,1000,4000,6890,
0089_378.3,35,25110,26000,26500,28000,32500,890,500,1500,4500,7390,
0089_378.5,35,37346,37500,38000,38500,39000,154,500,500,500,1654,
0089_378.6,35,37346,40000,41000,41500,42000,2654,1000,500,500,4654,
0089_378.8,35,37346,41000,42500,43000,44000,3654,1500,500,1000,6654,
0089_378.9,35,37346,42000,46500,47500,48000,4654,4500,1000,500,10654,
0089_379.1,35,37346,41000,44000,45500,46500,3654,3000,1500,1000,9154,
0089_379.2,35,33774,34500,34500,35000,35500,726,0,500,500,1726,
0089_379.4,35,32444,33000,33500,34000,34500,556,500,500,500,2056,
0089_379.5,35,32444,33000,33500,34000,34500,556,500,500,500,2056,
0089_379.8,35,16127,17000,17500,18000,20000,873,500,500,2000,3873,
0089_380.0,35,16127,18000,20000,21000,23000,1873,2000,1000,2000,6873,
0089_380.3,35,16127,19500,20000,20500,21500,3373,500,500,1000,5373,
0089_380.7,35,20530,21500,21500,22000,22500,970,0,500,500,1970,
0089_381.0,35,20530,21500,21500,22000,23000,970,0,500,1000,2470,
0089_381.3,35,10817,12000,12500,12500,13000,1183,500,0,500,2183,
0089_381.6,35,23457,23500,24000,25000,26000,43,500,1000,1000,2543,
0089_383.5,11,27394,27500,32500,36000,36500,106,5000,3500,500,9106,
0089_384.9,11,27394,28000,31000,33500,34000,606,3000,2500,500,6606,
0089_385.0,11,27394,28000,30000,32000,32500,606,2000,2000,500,5106,
0089_385.2,11,27394,27500,32000,35000,35500,106,4500,3000,500,8106,
0089_385.7,11,14201,15000,18000,20000,20500,799,3000,2000,500,6299,
0089_386.3,11,14201,14500,17000,19000,19500,299,2500,2000,500,5299,
0089_386.8,11,19176,19500,21500,23500,24000,324,2000,2000,500,4824,
0089_387.2,11,17476,17500,20000,21000,21500,24,2500,1000,500,4024,
0089_387.6,11,17476,18000,20500,22000,22500,524,2500,1500,500,5024,
0089_387.8,11,17476,18500,19500,20500,21500,1024,1000,1000,1000,4024,
0089_388.4,11,17476,17500,19000,20000,21000,24,1500,1000,1000,3524,
0089_389.1,11,18226,20000,20500,22000,23000,1774,500,1500,1000,4774,
0089_396.1,11,38004,49500,56500,63500,68000,11496,7000,7000,4500,29996,
0089_396.8,11,38262,58000,65000,73500,79000,19738,7000,8500,5500,40738,
0089_397.6,11,44155,66500,74500,82000,87000,22345,8000,7500,5000,42845,
0089_398.7,11,44155,67000,75000,82500,87500,22845,8000,7500,5000,43345,
0089_399.7,11,39591,62000,69500,76500,81000,22409,7500,7000,4500,41409,
0089_400.5,11,40429,61500,68500,75000,79500,21071,7000,6500,4500,39071,
0089_400.9,11,40429,61000,68000,75000,79500,20571,7000,7000,4500,39071,
0089_401.4,11,40456,61500,68500,76500,80500,21044,7000,8000,4000,40044,
0089_402.2,11,40456,61500,69500,77500,82000,21044,8000,8000,4500,41544,
0089_403.2,11,39181,59000,66000,74500,79500,19819,7000,8500,5000,40319,
0089_404.3,11,51823,66500,73000,83500,89500,14677,6500,10500,6000,37677,
0089_405.7,11,51823,65000,71500,81500,86000,13177,6500,10000,4500,34177,
0089_406.4,57,60189,70000,74500,84500,87500,9811,4500,10000,3000,27311,
0089_406.6,57,46856,55500,59000,70000,73000,8644,3500,11000,3000,26144,
0089_407.0,57,46856,54500,57500,68000,71000,7644,3000,10500,3000,24144,
0089_408.1,57,46856,54500,57500,66500,69500,7644,3000,9000,3000,22644,
0089_408.4,57,27739,31000,32000,36000,36500,3261,1000,4000,500,8761,
0089_409.3,57,27739,31000,32000,36000,36500,3261,1000,4000,500,8761,
0089_409.6,57,27739,31000,32000,36000,36500,3261,1000,4000,500,8761,
0089_410.0,57,27739,31000,31500,35000,35500,3261,500,3500,500,7761,
0089_410.2,57,27739,32000,34000,37000,37500,4261,2000,3000,500,9761,
0089_410.5,57,27739,32000,33500,36000,36500,4261,1500,2500,500,8761,
0089_410.7,57,29945,34500,36000,38000,38500,4555,1500,2000,500,8555,
0089_411.1,57,29945,34000,36000,38000,38500,4055,2000,2000,500,8555,
0089_411.3,57,29945,34000,35500,37500,38000,4055,1500,2000,500,8055,
0089_411.7,57,29945,33000,34000,35500,36500,3055,1000,1500,1000,6555,
0089_412.2,57,29945,32000,33000,34000,34500,2055,1000,1000,500,4555,
0089_412.4,57,26407,29000,30500,32500,33500,2593,1500,2000,1000,7093,
0089_412.9,57,29285,31500,33000,35500,37000,2215,1500,2500,1500,7715,
0089_413.1,57,33982,36500,38500,39000,40500,2518,2000,500,1500,6518,
0089_413.3,57,32238,35500,37000,38000,39000,3262,1500,1000,1000,6762,
0089_413.6,57,32238,35000,37500,38500,40000,2762,2500,1000,1500,7762,
0089_413.9,57,32238,35000,36500,39500,40500,2762,1500,3000,1000,8262,
0089_414.2,57,17335,20000,21500,24500,25500,2665,1500,3000,1000,8165,
0089_414.4,57,17335,19500,21500,24000,25000,2165,2000,2500,1000,7665,
0089_414.5,57,17335,20000,22500,25000,25500,2665,2500,2500,500,8165,
0089_414.9,57,34040,36500,39000,41500,42000,2460,2500,2500,500,7960,
0089_415.4,57,34040,35500,37000,38000,38500,1460,1500,1000,500,4460,
0089_415.9,57,34067,35500,37500,38000,38500,1433,2000,500,500,4433,
0089_416.5,57,10573,11500,12500,13000,13500,927,1000,500,500,2927,
0089_417.0,57,10573,11500,12500,13000,13500,927,1000,500,500,2927,
0089_417.4,57,14508,16500,18500,20000,21000,1992,2000,1500,1000,6492,
0089_417.9,57,15643,17500,19000,20500,21500,1857,1500,1500,1000,5857,
0089_418.2,57,15643,17500,19000,21000,21500,1857,1500,2000,500,5857,
0089_418.6,57,15643,17000,18500,19000,19500,1357,1500,500,500,3857,
0089_419.3,57,15643,17500,19000,20000,21000,1857,1500,1000,1000,5357,
0089_420.1,57,15643,17000,18500,19000,20000,1357,1500,500,1000,4357,
0089_420.3,57,7609,8100,8400,8500,8600,491,300,100,100,991,
0089_421.7,57,7609,8000,8200,8400,8500,391,200,200,100,891,
0089_422.5,57,7609,8600,9800,10000,11000,991,1200,200,1000,3391,
0089_422.7,3,10715,12000,13500,15000,16000,1285,1500,1500,1000,5285,
0089_423.4,3,11948,13000,13500,15500,19000,1052,500,2000,3500,7052,
0089_423.8,3,11948,12500,13000,14000,16000,552,500,1000,2000,4052,
0089_425.0,3,11948,12500,13000,13500,15500,552,500,500,2000,3552,
0089_427.1,3,13060,13500,14000,14500,16000,440,500,500,1500,2940,
0089_427.7,3,13060,13500,14000,14500,16000,440,500,500,1500,2940,
0089_428.1,3,13060,13500,14500,15500,17000,440,1000,1000,1500,3940,
0089_428.8,3,10860,11000,11500,12000,13500,140,500,500,1500,2640,
0089_430.3,3,17712,18000,18500,20000,21500,288,500,1500,1500,3788,
0089_432.1,3,17712,18500,19000,19500,20000,788,500,500,500,2288,
0089_433.3,3,17712,18500,19000,19500,20000,788,500,500,500,2288,
0090_000.0,3,10867,13500,14000,15000,15500,2633,500,1000,500,4633,
0090_000.2,3,10867,13500,14000,14500,15500,2633,500,500,1000,4633,
0090_000.5,3,3292,4600,5300,6000,6500,1308,700,700,500,3208,
0091_000.0,3,21282,21500,21500,21500,22000,218,0,0,500,718,
0091_000.1,3,21282,22000,24500,27500,30000,718,2500,3000,2500,8718,
0091_001.0,3,21282,22000,25000,25500,27500,718,3000,500,2000,6218,
0091_001.4,3,23972,25000,27500,28000,28500,1028,2500,500,500,4528,
0091_001.6,3,23972,25000,27000,27500,28000,1028,2000,500,500,4028,
0091_002.0,3,24041,25000,26500,29000,32000,959,1500,2500,3000,7959,
0091_003.7,3,21465,21500,21500,21500,22000,35,0,0,500,535,
0092_000.0,49,28072,22000,29500,35500,37000,-6072,7500,6000,1500,8928,"New I-15, Triump, Widened 1200 W in 2024"
0092_000.1,49,28072,20500,26500,30000,34000,-7572,6000,3500,4000,5928,"New I-15, Triump, Widened 1200 W in 2024"
0092_000.5,49,28072,26500,32000,40000,41500,-1572,5500,8000,1500,13428,"New I-15, Triump, Widened 1200 W in 2024"
0092_000.8,49,25013,26000,31000,33000,33500,987,5000,2000,500,8487,
0092_001.4,49,25013,25500,30500,42000,44500,487,5000,11500,2500,19487,
0092_002.4,49,25013,25500,33000,49000,52500,487,7500,16000,3500,27487,
0092_003.4,49,25013,25500,27500,35000,36000,487,2000,7500,1000,10987,
0092_003.9,49,26040,25000,28000,36500,37500,-1040,3000,8500,1000,11460,New Canal Rd extention in 2024
0092_004.9,49,21897,20500,22500,26500,27500,-1397,2000,4000,1000,5603,New Canal Rd extention in 2024
0092_005.8,49,18962,15500,17000,20500,21000,-3462,1500,3500,500,2038,New Canal Rd extention in 2024
0092_006.4,49,10967,10500,11000,11500,12000,-467,500,500,500,1033,New Canal Rd extention in 2024
0092_007.3,49,10967,10500,10500,11000,11500,-467,0,500,500,533,New Canal Rd extention in 2024
0093_000.0,11,31409,31500,32000,33000,33500,91,500,1000,500,2091,
0093_000.1,11,31409,31500,32000,33000,33500,91,500,1000,500,2091,
0097_000.0,57,11042,11500,12000,12500,13500,458,500,500,1000,2458,
0097_000.5,57,11042,11500,13500,14500,16500,458,2000,1000,2000,5458,
0097_001.1,57,11042,11500,12500,14500,18000,458,1000,2000,3500,6958,
0097_001.5,57,11042,11500,12500,14000,19000,458,1000,1500,5000,7958,
0097_002.0,57,13614,14000,15000,16000,22000,386,1000,1000,6000,8386,
0097_003.1,57,18443,18500,22500,26500,28500,57,4000,4000,2000,10057,
0097_003.6,57,18443,18500,24000,29500,31000,57,5500,5500,1500,12557,
0097_004.1,57,19600,20000,25500,31000,32500,400,5500,5500,1500,12900,
0097_004.4,57,22913,24500,31500,34000,35000,1587,7000,2500,1000,12087,
0097_005.1,57,36249,36500,37000,37500,38000,251,500,500,500,1751,
0097_005.3,57,36249,36500,37000,37500,38000,251,500,500,500,1751,
0103_000.0,11,18324,19500,12500,14000,15500,1176,-7000,1500,1500,-2824,"target 12,500 which is 0.68 (ratio of model volume 2030/2024)"
0104_000.0,57,14457,16500,19500,20000,22000,2043,3000,500,2000,7543,
0104_000.7,57,21876,24000,28500,30000,32500,2124,4500,1500,2500,10624,
0104_001.0,57,16354,17500,18000,18500,19500,1146,500,500,1000,3146,
0104_001.8,57,9271,10500,12000,12500,13500,1229,1500,500,1000,4229,
0104_001.8,57,9271,10500,12000,12500,13500,1229,1500,500,1000,4229,
0105_000.0,11,6226,9200,17000,22000,23000,2974,7800,5000,1000,16774,
0105_000.2,11,6226,6300,15500,19000,20500,74,9200,3500,1500,14274,
0105_000.5,11,18607,20500,22500,23500,24500,1893,2000,1000,1000,5893,
0105_000.7,11,18607,19500,21000,21500,22500,893,1500,500,1000,3893,
0105_000.8,11,18607,19500,20500,21500,22500,893,1000,1000,1000,3893,
0106_000.0,11,10288,10500,11500,12500,14500,212,1000,1000,2000,4212,
0106_000.3,11,10288,10500,12500,14000,16500,212,2000,1500,2500,6212,
0106_000.4,11,19358,20000,22000,22500,23500,642,2000,500,1000,4142,
0106_000.8,11,19358,20000,21500,22000,23000,642,1500,500,1000,3642,
0106_001.1,11,15067,16000,16500,17500,17500,933,500,1000,0,2433,
0106_002.0,11,16503,18500,19500,20000,20500,1997,1000,500,500,3997,
0106_002.5,11,16503,18000,18500,19000,19500,1497,500,500,500,2997,
0106_003.0,11,10558,12000,12000,12500,13500,1442,0,500,1000,2942,
0106_003.6,11,10558,11000,11500,12000,13000,442,500,500,1000,2442,
0106_006.1,11,7826,8600,9500,9800,10000,774,900,300,200,2174,
0106_007.3,11,10283,11000,11500,12000,12500,717,500,500,500,2217,
0106_008.0,11,10283,11500,12000,12500,13000,1217,500,500,500,2717,
0106_008.3,11,11719,12000,12000,12500,13000,281,0,500,500,1281,
0106_009.0,11,11024,12000,12500,13500,14500,976,500,1000,1000,3476,
0106_009.4,11,8508,4800,6100,6600,7900,-3708,1300,500,1300,-608,0
0107_000.0,11,10319,10500,10500,11000,11500,181,0,500,500,1181,
0107_000.2,11,10319,10500,10500,11000,12000,181,0,500,1000,1681,
0108_000.0,11,59775,61500,63500,67500,70000,1725,2000,4000,2500,10225,
0108_000.1,11,59775,57500,58000,61000,64000,-2275,500,3000,3000,4225,0
0108_000.7,11,36102,32000,32500,33500,35500,-4102,500,1000,2000,-602,0
0108_001.0,11,43256,39500,40000,40500,42500,-3756,500,500,2000,-756,0
0108_002.0,11,36658,36500,37000,37500,38500,-158,500,500,1000,1842,0
0108_002.5,11,36658,33000,34000,38000,40000,-3658,1000,4000,2000,3342,0
0108_003.0,11,27184,26000,27500,30500,33500,-1184,1500,3000,3000,6316,0
0108_004.0,11,18761,20500,22500,26000,28500,1739,2000,3500,2500,9739,
0108_005.0,11,28374,29500,31500,34000,36000,1126,2000,2500,2000,7626,
0108_005.5,11,28374,34000,38500,47000,51500,5626,4500,8500,4500,23126,
0108_006.0,11,23834,25500,32000,37500,41000,1666,6500,5500,3500,17166,
0108_006.5,11,18121,19500,26000,31500,34500,1379,6500,5500,3000,16379,
0108_007.0,11,18121,19500,26500,32500,35500,1379,7000,6000,3000,17379,
0108_007.5,11,21755,22500,32000,36500,39500,745,9500,4500,3000,17745,
0108_008.0,11,21755,22500,31500,36500,39000,745,9000,5000,2500,17245,
0108_008.5,57,23333,24000,32000,37500,40000,667,8000,5500,2500,16667,
0108_009.0,57,21062,22000,27500,29000,31000,938,5500,1500,2000,9938,
0108_010.0,57,21062,23000,26500,29500,31500,1938,3500,3000,2000,10438,
0108_010.1,57,21062,22500,24000,26500,29000,1438,1500,2500,2500,7938,
0108_010.8,57,21062,22000,23000,26500,29000,938,1000,3500,2500,7938,
0108_011.3,57,22194,23000,24500,29000,31500,806,1500,4500,2500,9306,
0108_011.6,57,22194,23000,24500,28500,30500,806,1500,4000,2000,8306,
0108_012.0,57,13737,14000,14500,19000,21500,263,500,4500,2500,7763,
0108_012.7,57,13737,14500,15500,21500,23500,763,1000,6000,2000,9763,
0109_000.0,11,15400,16000,17500,19500,21000,600,1500,2000,1500,5600,
0109_000.4,11,15956,17000,18000,21000,22000,1044,1000,3000,1000,6044,
0109_001.1,11,14158,15500,16000,17500,18500,1342,500,1500,1000,4342,
0110_000.0,11,2505,3100,3900,2300,2700,595,800,-1600,400,195,new west connection at SR-193
0110_001.0,11,2505,2700,3200,3500,4500,195,500,300,1000,1995,
0110_002.0,11,3876,2900,3500,4300,5400,-976,600,800,1100,1524,WDC in 2024
0110_002.5,11,3876,2700,3300,4200,5400,-1176,600,900,1200,1524,WDC in 2024
0110_003.0,11,3876,3900,5100,5900,8500,24,1200,800,2600,4624,
0111_000.0,35,7614,10000,14000,17000,18500,2386,4000,3000,1500,10886,
0111_000.8,35,7614,10500,15500,18500,21500,2886,5000,3000,3000,13886,
0111_001.8,35,7614,10500,15000,18000,22500,2886,4500,3000,4500,14886,
0111_002.3,35,10199,13500,18000,19500,23500,3301,4500,1500,4000,13301,
0111_004.5,35,10199,10500,15000,19000,27000,301,4500,4000,8000,16801,
0111_004.7,35,10199,10500,15000,14000,20000,301,4500,-1000,6000,9801,"new parallel corridor to west in 2040, 2050"
0111_005.8,35,13355,13500,16500,15500,22000,145,3000,-1000,6500,8645,"new parallel corridor to west in 2040, 2050"
0111_007.1,35,18836,19000,22000,21000,18500,164,3000,-1000,-2500,-336,new parallel corridor to west in 2050
0111_008.1,35,16561,17000,20000,17000,14000,439,3000,-3000,-3000,-2561,new parallel corridor to west in 2050
0111_009.1,35,14774,15000,17000,16000,12000,226,2000,-1000,-4000,-2774,new parallel corridor to west in 2050
0111_009.6,35,18975,19000,21000,20000,15000,25,2000,-1000,-5000,-3975,new parallel corridor to west in 2050
0111_010.1,35,18975,19000,21000,20500,13500,25,2000,-500,-7000,-5475,new parallel corridor to west in 2050
0114_000.0,49,35038,37000,30500,31000,37000,1962,-6500,500,6000,1962,New 820 N Interchange in 2030
0114_000.4,49,35038,37500,25500,29500,37500,2462,-12000,4000,8000,2462,New 820 N Interchange in 2030
0114_000.5,49,35038,37500,22500,26000,35000,2462,-15000,3500,9000,-38,New 820 N Interchange in 2030
0114_001.1,49,28050,31000,24000,25500,34000,2950,-7000,1500,8500,5950,New 820 N Interchange in 2030
0114_001.2,49,28050,31000,24500,25000,34000,2950,-6500,500,9000,5950,New 820 N Interchange in 2030
0114_001.6,49,11117,12000,15500,17000,19000,883,3500,1500,2000,7883,
0114_002.2,49,11117,12500,10500,9500,9900,1383,-2000,-1000,400,-1217,"New Lakeshore connection in 2030, Independec Ave connection in 2040"
0114_002.3,49,13089,14000,13500,12000,12500,911,-500,-1500,500,-589,"New Lakeshore connection in 2030, Independec Ave connection in 2040"
0114_003.0,49,13089,14500,11000,7900,8300,1411,-3500,-3100,400,-4789,"New Lakeshore connection in 2030, Independec Ave connection in 2040"
0114_003.4,49,13089,15000,12000,9400,10500,1911,-3000,-2600,1100,-2589,"New Lakeshore connection in 2030, Independec Ave connection in 2040"
0114_003.8,49,13089,14500,13000,11500,15000,1411,-1500,-1500,3500,1911,"New Lakeshore connection in 2030, Independec Ave connection in 2040"
0114_004.7,49,13089,14500,16500,32500,121000,1411,2000,16000,88500,107911,
0114_005.0,49,13653,13000,14500,25000,84500,-653,1500,10500,59500,70847,Conversion to freeway in 2050
0114_005.3,49,13653,12500,15000,25000,86500,-1153,2500,10000,61500,72847,Conversion to freeway in 2050
0114_005.8,49,13653,13500,14500,24500,84000,-153,1000,10000,59500,70347,Conversion to freeway in 2050
0114_006.1,49,13653,15000,17500,28000,89000,1347,2500,10500,61000,75347,
0114_006.6,49,19911,21000,21500,28000,96500,1089,500,6500,68500,76589,
0114_007.1,49,19911,21000,26000,32500,102000,1089,5000,6500,69500,82089,
0114_007.6,49,16729,18500,21000,27500,93000,1771,2500,6500,65500,76271,
0114_008.2,49,16729,18500,21500,27500,30500,1771,3000,6000,3000,13771,
0114_008.6,49,19229,21500,23000,25000,26500,2271,1500,2000,1500,7271,
0114_009.1,49,19229,21000,22500,24500,25500,1771,1500,2000,1000,6271,
0114_010.3,49,13592,15000,16000,17000,17500,1408,1000,1000,500,3908,
0114_010.6,49,13592,14500,16000,17500,18000,908,1500,1500,500,4408,
0115_000.0,49,14597,15500,14000,16000,16500,903,-1500,2000,500,1903,Nebo Parkway connector in 2030
0115_000.3,49,14597,16000,14500,17500,18000,1403,-1500,3000,500,3403,Nebo Parkway connector in 2030
0115_000.5,49,16760,19000,16500,21000,26000,2240,-2500,4500,5000,9240,Nebo Parkway connector in 2030
0115_000.7,49,3293,12000,6000,10000,17000,8707,-6000,4000,7000,13707,Nebo Parkway connector in 2030
0115_000.9,49,3293,3700,2500,4200,8600,407,-1200,1700,4400,5307,Nebo Parkway connector in 2030
0115_001.6,49,3293,3500,3400,5700,13000,207,-100,2300,7300,9707,Nebo Parkway connector in 2030
0115_002.8,49,2174,2300,1900,2700,7600,126,-400,800,4900,5426,Nebo Parkway connector in 2030
0115_003.7,49,1040,1100,1500,2000,5800,60,400,500,3800,4760,
0115_005.7,49,1040,1300,2500,3000,4400,260,1200,500,1400,3360,
0115_006.3,49,1399,2300,12500,17000,19000,901,10200,4500,2000,17601,
0115_007.1,49,3246,4300,1800,2000,2300,1054,-2500,200,300,-946,SF Center St interchange in 2030
0115_007.7,49,3246,3700,1500,1700,1900,454,-2200,200,200,-1346,SF Center St interchange in 2030
0126_000.0,11,19855,20000,20500,22500,24000,145,500,2000,1500,4145,
0126_000.2,11,23674,25500,26500,28000,30000,1826,1000,1500,2000,6326,
0126_000.3,11,23674,24000,26000,26500,29000,326,2000,500,2500,5326,
0126_000.6,11,22977,23500,29500,31500,35500,523,6000,2000,4000,12523,
0126_000.8,11,22977,24000,30000,32000,36500,1023,6000,2000,4500,13523,
0126_001.7,11,21781,22000,25000,26000,29000,219,3000,1000,3000,7219,
0126_001.9,11,21781,22000,26000,27500,30000,219,4000,1500,2500,8219,
0126_002.2,11,21781,22000,26500,29500,33000,219,4500,3000,3500,11219,
0126_002.4,11,21781,22000,26000,30000,34500,219,4000,4000,4500,12719,
0126_003.3,11,17561,18000,21500,25000,27500,439,3500,3500,2500,9939,
0126_003.8,11,18272,19000,22000,26000,28500,728,3000,4000,2500,10228,
0126_004.6,11,20316,20500,23000,25000,26500,184,2500,2000,1500,6184,
0126_005.2,11,20316,20500,22500,25000,26500,184,2000,2500,1500,6184,
0126_005.4,11,20316,20500,21000,23000,25000,184,500,2000,2000,4684,
0126_005.7,11,27940,29000,32000,32500,34000,1060,3000,500,1500,6060,
0126_006.1,11,31370,31500,18000,18500,19000,130,-13500,500,500,-12370,"new 1800 N int, improved 5600 S in 2030"
0126_006.2,11,25517,26000,18000,19500,20500,483,-8000,1500,1000,-5017,"new 1800 N int, improved 5600 S in 2030"
0126_006.7,11,25517,26000,18500,20000,20500,483,-7500,1500,500,-5017,"new 1800 N int, improved 5600 S in 2030"
0126_007.2,11,23992,24000,24000,25500,26000,8,0,1500,500,2008,
0126_007.7,11,23992,24500,24500,25500,26000,508,0,1000,500,2008,
0126_008.2,57,23992,24500,22000,22500,23000,508,-2500,500,500,-992,1800 N Interchange in 2030
0126_008.7,57,42939,43000,43500,44500,45000,61,500,1000,500,2061,
0126_009.1,57,42939,43000,43500,44500,45000,61,500,1000,500,2061,
0126_009.2,57,27224,27500,28000,29000,29500,276,500,1000,500,2276,
0126_009.7,57,27224,27500,28000,28500,29000,276,500,500,500,1776,
0126_010.2,57,25293,25500,26500,28000,29500,207,1000,1500,1500,4207,
0126_010.7,57,24307,24500,26000,26500,27500,193,1500,500,1000,3193,
0126_011.2,57,16405,16500,18000,18500,19000,95,1500,500,500,2595,
0126_011.7,57,25812,22500,23000,23500,25500,-3312,500,500,2000,-312,0
0126_012.7,57,25812,21000,21500,23000,25500,-4812,500,1500,2500,-312,0
0126_013.3,57,18548,13000,13500,15500,18000,-5548,500,2000,2500,-548,0
0126_013.7,57,18548,14500,15000,16000,18000,-4048,500,1000,2000,-548,0
0126_014.5,57,8151,7800,9600,11500,13500,-351,1800,1900,2000,5349,0
0126_014.9,57,8151,6600,7100,9100,10500,-1551,500,2000,1400,2349,0
0126_016.1,57,8151,8500,9900,11000,11500,349,1400,1100,500,3349,
0126_017.5,57,8151,8300,8400,9800,11000,149,100,1400,1200,2849,
0126_018.7,57,10022,10500,11000,12000,15500,478,500,1000,3500,5478,
0126_019.7,57,10022,10500,10500,11000,11000,478,0,500,0,978,
0126_020.8,3,10022,10500,11000,11500,12000,478,500,500,500,1978,
0126_021.2,3,7942,8700,10500,11500,12000,758,1800,1000,500,4058,
0127_000.0,11,13079,14000,15000,15500,16000,921,1000,500,500,2921,
0127_001.5,11,13079,14000,15500,16500,17000,921,1500,1000,500,3921,
0127_001.7,11,17286,17500,18000,20000,22000,214,500,2000,2000,4714,
0129_000.0,49,12471,14000,16000,18000,19500,1529,2000,2000,1500,7029,
0129_000.5,49,21786,24500,26000,29000,29000,2714,1500,3000,0,7214,
0129_001.4,49,21786,24000,33500,36500,40500,2214,9500,3000,4000,18714,
0129_001.8,49,14811,17500,16000,17000,19500,2689,-1500,1000,2500,4689,New 1300 W interchange in 2030
0129_003.0,49,14929,18500,18500,20500,22000,3571,0,2000,1500,7071,
0129_003.3,49,12779,15500,16500,18500,19500,2721,1000,2000,1000,6721,
0129_003.9,49,12779,16000,17000,19000,20000,3221,1000,2000,1000,7221,
0129_004.5,49,10518,9400,10500,12000,13000,-1118,1100,1500,1000,2482,Canal Rd extension in 2024
0129_005.8,49,10518,10500,11500,13500,15000,-18,1000,2000,1500,4482,Canal Rd extension in 2024
0129_006.1,49,14456,11500,12500,15000,16500,-2956,1000,2500,1500,2044,Canal Rd extension in 2024
0131_001.5,35,1023,14000,31000,40500,53000,12977,17000,9500,12500,51977,
0131_001.7,35,1023,9800,23000,30000,30500,8777,13200,7000,500,29477,
0134_000.0,57,4746,5700,6000,7300,9300,954,300,1300,2000,4554,
0134_001.0,57,4894,5900,6200,8300,11000,1006,300,2100,2700,6106,
0134_002.0,57,4894,6000,6200,8000,11500,1106,200,1800,3500,6606,
0134_003.0,57,4894,5100,5200,6600,10000,206,100,1400,3400,5106,
0134_003.8,57,2901,3000,3100,4800,6900,99,100,1700,2100,3999,
0134_006.5,57,2599,2600,2900,4300,5500,1,300,1400,1200,2901,
0134_007.1,57,2599,2600,2700,3800,4900,1,100,1100,1100,2301,
0134_007.4,57,1175,1600,1700,2300,3300,425,100,600,1000,2125,
0134_008.5,57,2670,3500,3700,4000,5700,830,200,300,1700,3030,
0134_009.2,57,4557,5900,6000,7400,9200,1343,100,1400,1800,4643,
0134_010.5,57,4557,6100,6200,7800,9400,1543,100,1600,1600,4843,
0134_011.3,57,24383,26500,29000,30000,30500,2117,2500,1000,500,6117,
0134_011.9,57,27518,29500,32000,34500,35000,1982,2500,2500,500,7482,
0134_012.4,57,17057,18000,19000,20000,20500,943,1000,1000,500,3443,
0134_012.5,57,17057,18000,19000,19500,20000,943,1000,500,500,2943,
0134_013.1,57,19337,20000,20500,21000,21500,663,500,500,500,2163,
0135_000.0,49,3168,3200,3200,3200,4400,32,0,0,1200,1232,
0135_000.1,49,3100,11000,12000,13000,20500,7900,1000,1000,7500,17400,
0135_000.2,49,3168,14000,19000,21500,34000,10832,5000,2500,12500,30832,
0135_000.4,49,33890,34500,27500,29500,38500,610,-7000,2000,9000,4610,Canal Rd extension in 2024
0140_000.0,35,4362,4500,2000,2300,2500,138,-2500,300,200,-1862,Porter Rockwell connection to Redwood/MVC in 2024 and new MVC connection between Porter Rockwell and 2100 N in 2030
0140_000.5,35,4362,16000,20000,27000,23000,11638,4000,7000,-4000,18638,Porter Rockwell connection to Redwood/MVC in 2024 and new MVC connection between Porter Rockwell and 2100 N in 2030 new interchange in 2050
0140_000.8,35,4362,19500,26000,39500,25000,15138,6500,13500,-14500,20638,Porter Rockwell connection to Redwood/MVC in 2024 and new MVC connection between Porter Rockwell and 2100 N in 2030 new interchange in 2050
0141_000.0,49,435,500,600,650,3700,65,100,50,3050,3265,
0141_000.9,49,435,500,600,650,4300,65,100,50,3650,3865,
0141_002.2,49,1914,2000,2200,2700,8700,86,200,500,6000,6786,
0141_003.2,49,1914,2000,2100,2300,5400,86,100,200,3100,3486,
0141_003.5,49,1914,2000,2200,2700,3700,86,200,500,1000,1786,
0141_004.1,49,1500,1800,1800,2600,3000,300,0,800,400,1500,
0141_005.2,49,1500,1700,1800,2700,4800,200,100,900,2100,3300,
0141_006.0,49,1500,1700,1800,2700,5200,200,100,900,2500,3700,
0145_000.0,49,23014,27500,38500,31500,37000,4486,11000,-7000,5500,13986,Freeway connection in 2040
0145_001.1,49,24934,26500,38000,81000,102000,1566,11500,43000,21000,77066,
0145_001.4,49,24934,33500,35500,83000,101000,8566,2000,47500,18000,76066,
0145_002.8,49,24934,32500,39000,84500,103000,7566,6500,45500,18500,78066,
0145_003.3,49,24934,33000,38000,89500,111000,8066,5000,51500,21500,86066,
0145_003.8,49,24934,32500,39000,89500,114000,7566,6500,50500,24500,89066,
0145_004.4,49,24934,35000,37500,89500,121000,10066,2500,52000,31500,96066,
0145_004.8,49,48335,57500,58500,102000,130000,9165,1000,43500,28000,81665,
0145_005.3,49,48335,44000,52000,85500,68000,-4335,8000,33500,-17500,19665,"Vineyard Connector in 2024, Vineyard Freeway in 2050"
0145_005.8,49,29432,26000,32000,65000,45500,-3432,6000,33000,-19500,16068,"Vineyard Connector in 2024, Vineyard Freeway in 2050"
0145_006.2,49,29432,26500,30000,38500,28000,-2932,3500,8500,-10500,-1432,"Vineyard Connector in 2024, Vineyard Freeway in 2050"
0145_006.6,49,38471,41500,46500,48000,48500,3029,5000,1500,500,10029,
0147_000.0,49,601,700,750,1700,2400,99,50,950,700,1799,
0147_001.0,49,601,650,700,850,1900,49,50,150,1050,1299,
0147_003.1,49,601,650,700,950,1000,49,50,250,50,399,
0147_003.9,49,955,1000,1100,1300,1400,45,100,200,100,445,
0147_004.8,49,955,1000,1100,1300,2700,45,100,200,1400,1745,
0147_005.9,49,1694,1700,1700,2400,6700,6,0,700,4300,5006,
0147_006.9,49,1723,1800,1800,2900,9200,77,0,1100,6300,7477,
0147_008.1,49,2110,2200,3000,4600,16000,90,800,1600,11400,13890,
0147_008.8,49,2110,2200,3400,4500,14500,90,1200,1100,10000,12390,
0147_010.3,49,2288,2600,2400,3500,7700,312,-200,1100,4200,5412,Realignment with Center St in 2030
0147_011.8,49,4539,5200,3100,3800,5600,661,-2100,700,1800,1061,Realignment with Center St in 2030
0147_012.1,49,12250,12500,12000,12500,13500,250,-500,500,1000,1250,Realignment with Center St in 2030
0147_012.4,49,12250,12500,12500,13000,13500,250,0,500,500,1250,
0147_012.7,49,12250,12500,13000,13500,14000,250,500,500,500,1750,
0147_012.9,49,12250,12500,13000,13500,14000,250,500,500,500,1750,
0147_013.1,49,9158,9200,9400,9600,9800,42,200,200,200,642,
0147_013.2,49,9158,6800,6900,7500,8200,-2358,100,600,700,-958,Spanish Fork Pkwy Connector in 2024
0147_013.4,49,9158,7300,7300,7600,8900,-1858,0,300,1300,-258,Spanish Fork Pkwy Connector in 2024
0147_014.4,49,9158,9200,10500,11000,12000,42,1300,500,1000,2842,
0147_015.2,49,3071,3300,3800,4500,5100,229,500,700,600,2029,
0147_016.2,49,1429,1500,1600,1700,1800,71,100,100,100,371,
0147_017.2,49,5927,6300,6400,6900,7300,373,100,500,400,1373,
0151_000.0,35,21908,22000,29000,34000,37500,92,7000,5000,3500,15592,
0151_000.3,35,21908,22500,28000,32500,36500,592,5500,4500,4000,14592,
0151_000.5,35,21908,24000,28000,32500,36000,2092,4000,4500,3500,14092,
0151_001.0,35,15030,16500,20000,24000,27000,1470,3500,4000,3000,11970,
0151_001.5,35,15030,16500,20000,23500,26500,1470,3500,3500,3000,11470,
0151_002.0,35,41720,42000,45000,48000,50500,280,3000,3000,2500,8780,
0151_002.5,35,46330,46500,48500,51000,53000,170,2000,2500,2000,6670,
0151_003.0,35,46330,46500,48500,51000,53000,170,2000,2500,2000,6670,
0151_003.5,35,46330,47000,49000,52500,55000,670,2000,3500,2500,8670,
0151_003.9,35,46330,48500,49000,52500,49500,2170,500,3500,-3000,3170,0
0152_000.0,35,17751,18500,20000,21500,22000,749,1500,1500,500,4249,
0152_000.1,35,17751,18000,19000,20000,21000,249,1000,1000,1000,3249,
0152_000.7,35,13265,13500,14000,14500,15000,235,500,500,500,1735,
0152_001.4,35,31164,31500,32000,32500,33500,336,500,500,1000,2336,
0152_002.3,35,44234,45000,45500,47500,48500,766,500,2000,1000,4266,
0152_002.5,35,42214,43500,44000,44500,45000,1286,500,500,500,2786,
0152_002.8,35,42214,43500,44000,44500,45000,1286,500,500,500,2786,
0154_000.0,35,20499,21500,25000,25500,26000,1001,3500,500,500,5501,
0154_000.5,35,60600,72000,86000,113000,115000,11400,14000,27000,2000,54400,
0154_000.8,35,60600,70500,87000,112000,115000,9900,16500,25000,3000,54400,
0154_001.4,35,65387,73500,92500,110000,118000,8113,19000,17500,8000,52613,
0154_003.2,35,37169,45500,59000,73500,80000,8331,13500,14500,6500,42831,
0154_004.2,35,44491,52500,64000,79500,86000,8009,11500,15500,6500,41509,
0154_005.8,35,42220,47500,79500,89500,94500,5280,32000,10000,5000,52280,
0154_006.8,35,45114,49000,92000,97500,101000,3886,43000,5500,3500,55886,
0154_008.3,35,52925,57000,103000,111000,116000,4075,46000,8000,5000,63075,
0154_009.6,35,54731,55000,109000,116000,121000,269,54000,7000,5000,66269,
0154_010.4,35,59780,62000,114000,122000,126000,2220,52000,8000,4000,66220,
0154_011.4,35,54836,55500,114000,121000,124000,664,58500,7000,3000,69164,
0154_012.9,35,66910,67000,130000,135000,139000,90,63000,5000,4000,72090,
0154_013.9,35,67164,67500,127000,133000,137000,336,59500,6000,4000,69836,
0154_014.9,35,63376,64500,129000,134000,138000,1124,64500,5000,4000,74624,
0154_015.9,35,67255,68000,137000,141000,144000,745,69000,4000,3000,76745,
0154_016.9,35,50789,51000,122000,127000,131000,211,71000,5000,4000,80211,
0154_017.9,35,55256,55500,126000,131000,135000,244,70500,5000,4000,79744,
0154_018.9,35,59143,59500,140000,146000,151000,357,80500,6000,5000,91857,
0154_019.5,35,41975,42000,116000,123000,128000,25,74000,7000,5000,86025,
0154_020.0,35,38128,38500,110000,126000,127000,372,71500,16000,1000,88872,
0154_021.0,35,32696,34000,86500,100000,101000,1304,52500,13500,1000,68304,
0154_022.3,35,22004,24500,65000,73000,73500,2496,40500,8000,500,51496,
0156_000.0,49,30099,32500,36500,40000,41500,2401,4000,3500,1500,11401,
0156_000.2,49,36642,39500,40000,41000,42500,2858,500,1000,1500,5858,
0156_000.3,49,36642,38000,38500,42500,43000,1358,500,4000,500,6358,
0156_000.6,49,32782,34000,34500,38000,39000,1218,500,3500,1000,6218,
0156_001.0,49,30248,32000,32500,36000,36500,1752,500,3500,500,6252,
0156_001.2,49,30248,31500,32500,36500,39000,1252,1000,4000,2500,8752,
0164_000.0,49,6041,12000,9100,22500,34000,5959,-2900,13400,11500,27959,New Center St Exit in 2030
0164_000.5,49,6041,6500,3900,11000,18000,459,-2600,7100,7000,11959,New Center St Exit in 2030
0164_001.1,49,8400,9500,9000,14500,19000,1100,-500,5500,4500,10600,New Center St Exit in 2030
0164_001.7,49,8453,9700,9300,9500,9600,1247,-400,200,100,1147,New Center St Exit in 2030
0164_002.0,49,8453,9800,8000,8700,9400,1347,-1800,700,700,947,New Center St Exit in 2030
0164_002.3,49,8453,9900,7400,8100,9600,1447,-2500,700,1500,1147,New Center St Exit in 2030
0168_000.0,57,1398,1500,1600,1700,1800,102,100,100,100,402,
0171_000.0,35,16869,17000,17500,17500,18000,131,500,0,500,1131,
0171_000.5,35,16869,17000,17000,17000,18000,131,0,0,1000,1131,
0171_001.5,35,13724,14000,14000,14000,15000,276,0,0,1000,1276,
0171_002.5,35,13724,16500,17000,17500,18500,2776,500,500,1000,4776,
0171_003.3,35,13724,23000,28500,28500,31500,9276,5500,0,3000,17776,
0171_003.5,35,21911,23000,24500,25500,31000,1089,1500,1000,5500,9089,
0171_004.0,35,21911,22000,24000,26000,31000,89,2000,2000,5000,9089,
0171_004.5,35,30574,31000,32500,33500,39000,426,1500,1000,5500,8426,
0171_005.0,35,30574,31000,36000,37000,41000,426,5000,1000,4000,10426,
0171_005.5,35,40737,41000,49500,51000,54500,263,8500,1500,3500,13763,
0171_005.8,35,47210,48000,52500,55000,59500,790,4500,2500,4500,12290,
0171_006.0,35,41792,42500,44000,45500,47500,708,1500,1500,2000,5708,
0171_006.5,35,35887,37500,37500,37500,38000,1613,0,0,500,2113,
0171_007.0,35,44232,45000,39000,39500,36000,768,-6000,500,-3500,-8232,"MVC extended to I-80 in 2030, I-215 frontage in 2050"
0171_007.3,35,35057,38500,42000,45500,46500,3443,3500,3500,1000,11443,
0171_007.6,35,35057,36000,39000,42000,45500,943,3000,3000,3500,10443,
0171_008.0,35,31535,32000,33500,35000,36500,465,1500,1500,1500,4965,
0171_008.8,35,31535,32000,34500,37000,39000,465,2500,2500,2000,7465,
0171_009.2,35,34172,34500,38000,41000,42000,328,3500,3000,1000,7828,
0171_009.5,35,34172,34500,37000,40500,41500,328,2500,3500,1000,7328,
0171_009.8,35,34172,34500,38000,41500,43500,328,3500,3500,2000,9328,
0171_010.0,35,53370,55500,60000,63000,64500,2130,4500,3000,1500,11130,
0171_010.1,35,45036,47000,51500,54500,56000,1964,4500,3000,1500,10964,
0171_010.4,35,45036,47000,51500,54000,55000,1964,4500,2500,1000,9964,
0171_010.6,35,45036,47000,52000,54000,55500,1964,5000,2000,1500,10464,
0171_010.7,35,35424,36500,39500,41000,41500,1076,3000,1500,500,6076,
0171_011.0,35,35424,37000,39500,41000,41500,1576,2500,1500,500,6076,
0171_011.3,35,19902,21000,23500,24500,25500,1098,2500,1000,1000,5598,
0171_011.6,35,22225,22500,23500,25000,26500,275,1000,1500,1500,4275,
0171_011.9,35,27931,28500,29500,30500,31500,569,1000,1000,1000,3569,
0171_012.2,35,27931,28500,29000,30500,31500,569,500,1500,1000,3569,
0171_012.5,35,26708,27000,28000,28500,30500,292,1000,500,2000,3792,
0171_012.7,35,16417,16500,17000,17500,19500,83,500,500,2000,3083,
0171_013.1,35,16417,16500,17000,17000,18000,83,500,0,1000,1583,
0171_013.6,35,20118,20500,20500,20500,21500,382,0,0,1000,1382,
0171_014.1,35,21564,22000,22000,22000,22500,436,0,0,500,936,
0171_014.6,35,25957,26000,26500,27000,28000,43,500,500,1000,2043,
0171_015.6,35,25957,26000,27000,27500,28000,43,1000,500,500,2043,
0172_000.0,35,20454,21500,22000,19500,21500,1046,500,-2500,2000,1046,"new parallel corridor to west, MVC"
0172_001.0,35,34616,37000,36000,34000,35500,2384,-1000,-2000,1500,884,"new parallel corridor to west, MVC"
0172_002.0,35,28929,35000,31000,27000,29000,6071,-4000,-4000,2000,71,"new parallel corridor to west, MVC"
0172_003.0,35,32265,18000,15000,9200,11500,-14265,-3000,-5800,2300,-20765,"new parallel corridor to west, MVC"
0172_004.0,35,49647,34500,34000,33000,36500,-15147,-500,-1000,3500,-13147,"new parallel corridor to west, MVC"
0172_004.5,35,49647,35000,34000,30500,31500,-14647,-1000,-3500,1000,-18147,"new parallel corridor to west, MVC"
0172_005.0,35,49647,38500,35500,39000,40500,-11147,-3000,3500,1500,-9147,"new parallel corridor to west, MVC"
0172_005.5,35,49647,37500,36500,39500,38500,-12147,-1000,3000,-1000,-11147,"new parallel corridor to west, MVC"
0172_006.0,35,17398,15000,9000,12500,10500,-2398,-6000,3500,-2000,-6898,"new parallel corridor to west, MVC"
0172_007.0,35,21449,36500,36500,23500,26000,15051,0,-13000,2500,4551,"new parallel corridor to west, MVC"
0172_008.0,35,21449,30000,31500,18000,20500,8551,1500,-13500,2500,-949,"new parallel corridor to west, MVC"
0172_008.5,35,21449,29500,30000,19000,21000,8051,500,-11000,2000,-449,"new parallel corridor to west, MVC"
0173_000.0,35,8001,8200,8300,8300,8500,199,100,0,200,499,
0173_000.7,35,8001,8100,8200,11000,12000,99,100,2800,1000,3999,
0173_001.7,35,8001,10500,11000,12500,13000,2499,500,1500,500,4999,
0173_002.2,35,8001,8100,8200,8300,8400,99,100,100,100,399,
0173_002.8,35,19477,19500,20000,20500,21000,23,500,500,500,1523,
0173_003.8,35,19477,19500,20000,20000,21000,23,500,0,1000,1523,
0173_004.4,35,19477,19500,20000,20500,21000,23,500,500,500,1523,
0173_004.7,35,40962,41000,41500,41500,42500,38,500,0,1000,1538,
0173_005.0,35,44926,45000,45000,46000,47000,74,0,1000,1000,2074,
0173_005.3,35,44926,45000,45500,46000,46500,74,500,500,500,1574,
0173_005.8,35,44926,45000,45500,46000,46500,74,500,500,500,1574,
0173_006.3,35,45876,46000,46500,47000,48000,124,500,500,1000,2124,
0173_006.8,35,45876,46000,46500,47000,47500,124,500,500,500,1624,
0173_007.3,35,29573,30000,30500,31000,31500,427,500,500,500,1927,
0173_007.7,35,29328,29500,30000,30500,31000,172,500,500,500,1672,
0173_008.8,35,36736,37000,37500,38500,38500,264,500,1000,0,1764,
0173_009.2,35,28354,30000,32500,34500,36500,1646,2500,2000,2000,8146,
0173_009.3,35,28354,29500,33000,34000,35000,1146,3500,1000,1000,6646,
0175_000.0,35,32668,35000,41000,44500,46000,2332,6000,3500,1500,13332,
0175_000.1,35,32668,34000,37500,40000,41000,1332,3500,2500,1000,8332,
0175_000.4,35,32668,34500,35000,37500,39000,1832,500,2500,1500,6332,
0175_000.9,35,32668,34000,34500,37000,38500,1332,500,2500,1500,5832,
0175_001.4,35,32668,33500,34000,36500,38000,832,500,2500,1500,5332,
0175_001.9,35,32668,33500,34000,36000,37500,832,500,2000,1500,4832,
0175_002.4,35,20166,22000,22500,23500,24500,1834,500,1000,1000,4334,
0175_002.9,35,22213,24000,24500,25000,25500,1787,500,500,500,3287,
0175_003.5,35,22213,22500,23000,24000,25000,287,500,1000,1000,2787,
0175_003.9,35,22406,22500,23000,23500,24000,94,500,500,500,1594,
0175_004.5,35,22406,25000,25000,26500,22000,2594,0,1500,-4500,-406,0
0175_004.7,35,22406,27500,29000,32500,26000,5094,1500,3500,-6500,3594,0
0176_000.0,49,13534,19500,25000,34000,37500,5966,5500,9000,3500,23966,
0176_000.4,49,13534,20000,30000,38500,33000,6466,10000,8500,-5500,19466,Vineyard Freeway in 2050
0178_000.0,49,19632,20500,22000,25500,27500,868,1500,3500,2000,7868,
0178_000.7,49,14623,15500,16500,18500,19000,877,1000,2000,500,4377,
0178_001.0,49,13088,14000,14500,16500,17000,912,500,2000,500,3912,
0180_000.1,49,21097,19000,22000,24000,26500,-2097,3000,2000,2500,5403,New E/W connection between 500 E and North County
0186_000.0,35,15255,16000,16500,17500,17500,745,500,1000,0,2245,
0186_001.2,35,12221,13000,13000,13500,14000,779,0,500,500,1779,
0186_001.5,35,16717,17000,17500,18000,19000,283,500,500,1000,2283,
0186_001.6,35,16717,17000,17500,18000,18500,283,500,500,500,1783,
0186_001.9,35,26002,26500,27000,27500,31000,498,500,500,3500,4998,
0186_002.1,35,31098,31500,32000,32500,33000,402,500,500,500,1902,
0186_002.2,35,31098,31500,32000,32500,33000,402,500,500,500,1902,
0186_002.4,35,31098,32000,32500,33000,34000,902,500,500,1000,2902,
0186_002.5,35,31098,31500,32000,32500,33000,402,500,500,500,1902,
0186_002.7,35,23942,24500,25500,26000,27500,558,1000,500,1500,3558,
0186_002.8,35,23942,24500,25500,26500,27000,558,1000,1000,500,3058,
0186_003.0,35,23942,25000,26000,26500,27500,1058,1000,500,1000,3558,
0186_003.3,35,23942,24500,24500,25500,26000,558,0,1000,500,2058,
0186_003.6,35,28400,28500,30500,31000,32000,100,2000,500,1000,3600,
0186_003.9,35,27534,28000,28500,29000,29500,466,500,500,500,1966,
0186_004.6,35,26177,26500,27000,28000,28500,323,500,1000,500,2323,
0186_005.0,35,27374,28500,28500,29000,30500,1126,0,500,1500,3126,
0186_005.5,35,51392,51500,52500,53000,54000,108,1000,500,1000,2608,
0186_006.0,35,47874,48000,48000,48500,49000,126,0,500,500,1126,
0186_006.4,35,44927,45000,45000,45500,46500,73,0,500,1000,1573,
0186_006.7,35,48427,48500,49000,49500,51000,73,500,500,1500,2573,
0186_006.9,35,46605,47500,49000,49000,50500,895,1500,0,1500,3895,
0186_007.4,35,46605,47000,49000,49500,50500,395,2000,500,1000,3895,
0186_008.0,35,43000,43500,45500,46000,47000,500,2000,500,1000,4000,
0189_000.0,49,32217,3000,4000,5000,6500,-29217,1000,1000,1500,-25717,Bad Observed Volume
0189_000.2,49,32217,33000,35500,39000,41000,783,2500,3500,2000,8783,
0189_000.6,49,32217,33000,37000,39500,42000,783,4000,2500,2500,9783,
0189_001.1,49,32217,32500,36500,37500,39500,283,4000,1000,2000,7283,
0189_001.4,49,31165,32000,37000,39000,42000,835,5000,2000,3000,10835,
0189_001.6,49,25894,26500,28500,29500,34000,606,2000,1000,4500,8106,
0189_001.9,49,32150,33000,34000,34500,36000,850,1000,500,1500,3850,
0189_002.1,49,32150,32500,34000,34500,37500,350,1500,500,3000,5350,
0189_002.4,49,34370,34500,36000,36500,39000,130,1500,500,2500,4630,
0189_002.6,49,34370,34500,38500,39000,39500,130,4000,500,500,5130,
0189_002.9,49,32985,33000,34500,35000,36500,15,1500,500,1500,3515,
0189_003.1,49,31602,32000,32500,34500,35500,398,500,2000,1000,3898,
0189_003.4,49,26312,26500,27000,29500,30500,188,500,2500,1000,4188,
0189_004.0,49,33154,33500,34000,36000,37500,346,500,2000,1500,4346,
0189_005.3,49,27498,28000,28500,30000,31000,502,500,1500,1000,3502,
0189_005.7,49,27498,28000,28500,30500,31500,502,500,2000,1000,4002,
0189_006.3,49,21361,21500,22000,23500,25000,139,500,1500,1500,3639,
0189_007.0,49,21361,21500,22500,25000,26000,139,1000,2500,1000,4639,
0190_000.0,35,16715,17000,18000,19500,25500,285,1000,1500,6000,8785,
0190_000.1,35,14151,15500,18000,20500,31500,1349,2500,2500,11000,17349,
0190_000.3,35,14151,15000,17000,20000,27500,849,2000,3000,7500,13349,
0190_000.8,35,23133,23500,25000,25500,34500,367,1500,500,9000,11367,
0190_001.8,35,6613,7500,8000,8600,9000,887,500,600,400,2387,
0193_000.0,11,2525,2600,5300,12500,14000,75,2700,7200,1500,11475,
0193_001.0,11,3003,4000,5500,6200,9900,997,1500,700,3700,6897,
0193_002.0,11,4205,4400,5200,7500,13000,195,800,2300,5500,8795,
0193_002.7,11,27586,28500,29500,34000,39500,914,1000,4500,5500,11914,
0193_003.8,11,21591,22500,23500,27500,34500,909,1000,4000,7000,12909,
0193_004.2,11,21591,22500,23000,26500,33500,909,500,3500,7000,11909,
0193_004.4,11,28340,31500,32000,35000,42000,3160,500,3000,7000,13660,
0193_004.5,11,28340,31000,33000,37000,43500,2660,2000,4000,6500,15160,
0193_005.2,11,30664,32000,33500,36500,41500,1336,1500,3000,5000,10836,
0193_006.0,11,34496,34500,36000,38500,42500,4,1500,2500,4000,8004,
0193_006.7,11,34496,34500,35500,38000,42000,4,1000,2500,4000,7504,
0193_007.2,11,29627,29500,31000,33500,36000,-127,1500,2500,2500,6373,drop in 2024 - due to Legacy Highway Restrictions Higher Speed and end of truck restrictions
0193_007.8,11,29627,28500,30500,34000,36500,-1127,2000,3500,2500,6873,drop in 2024 - due to Legacy Highway Restrictions Higher Speed and end of truck restrictions
0194_002.8,49,21380,25000,16500,23000,29500,3620,-8500,6500,6500,8120,New 2100 N flyover ramps in 2024
0194_002.4,49,21633,26500,53500,71000,87000,4867,27000,17500,16000,65367,
0194_001.9,49,21633,25000,64000,87000,114000,3367,39000,23000,27000,92367,
0194_000.8,49,23778,36500,62500,83500,102000,12722,26000,21000,18500,78222,
0194_000.0,49,23778,40000,75500,104000,122000,16222,35500,28500,18000,98222,
0198_000.0,49,6194,6800,7200,8900,9000,606,400,1700,100,2806,
0198_002.4,49,6194,7200,8300,11500,12500,1006,1100,3200,1000,6306,
0198_002.9,49,8880,9900,11000,14500,14500,1020,1100,3500,0,5620,
0198_004.1,49,8880,9700,10500,14000,15000,820,800,3500,1000,6120,
0198_004.4,49,15642,17000,18000,24000,26000,1358,1000,6000,2000,10358,
0198_005.0,49,15642,17000,17500,22000,24500,1358,500,4500,2500,8858,
0198_005.2,49,15642,17500,18000,22500,25000,1858,500,4500,2500,9358,
0198_005.3,49,15642,17000,18000,23000,26000,1358,1000,5000,3000,10358,
0198_005.4,49,15161,16000,17000,18500,21000,839,1000,1500,2500,5839,
0198_005.9,49,19304,20500,21000,22500,24500,1196,500,1500,2000,5196,
0198_006.3,49,13398,15000,16500,21500,22500,1602,1500,5000,1000,9102,
0198_007.6,49,15024,13000,15500,18500,19000,-2024,2500,3000,500,3976,Elk Ridge connector in 2024
0198_008.7,49,15024,13000,14000,19500,21000,-2024,1000,5500,1500,5976,Elk Ridge connector in 2024
0198_008.9,49,15024,13500,14500,19500,20500,-1524,1000,5000,1000,5476,Elk Ridge connector in 2024
0198_009.1,49,15024,13500,14000,13000,13500,-1524,500,-1000,500,-1524,"Elk Ridge connector in 2024, new adjacent connections in 2040"
0198_009.5,49,13934,13000,16000,14500,15500,-934,3000,-1500,1000,1566,"Elk Ridge connector in 2024, new adjacent connections in 2040"
0198_009.9,49,13934,13500,18500,18000,19000,-434,5000,-500,1000,5066,New adjacent connections in 2040
0198_010.5,49,17664,19000,24500,22000,23000,1336,5500,-2500,1000,5336,New adjacent connections in 2040
0198_011.0,49,17664,19500,25500,25000,26000,1836,6000,-500,1000,8336,0
0198_011.5,49,31866,35000,38000,38500,40000,3134,3000,500,1500,8134,
0198_011.8,49,31866,35000,38500,40000,42000,3134,3500,1500,2000,10134,
0198_011.81,49,31866,35000,38500,41500,43000,3134,3500,3000,1500,11134,
0198_012.3,49,13703,14000,13000,13500,14000,297,-1000,500,500,297,New connectivity in 2030
0198_012.6,49,13703,14000,13000,13500,14000,297,-1000,500,500,297,New connectivity in 2030
0198_012.9,49,10382,10500,9400,9600,10500,118,-1100,200,900,118,New connectivity in 2030
0198_013.1,49,10382,10500,9000,10500,11500,118,-1500,1500,1000,1118,New connectivity in 2030
0198_013.4,49,10382,10500,9100,9200,9200,118,-1400,100,0,-1182,New connectivity in 2030
0198_014.0,49,6019,6500,5700,6200,6300,481,-800,500,100,281,New connectivity in 2030
0198_014.5,49,6019,6500,3600,3800,4000,481,-2900,200,200,-2019,New connectivity in 2030
0198_014.8,49,6019,6500,5500,5800,5900,481,-1000,300,100,-119,New connectivity in 2030
0201_000.0,35,19776,20000,24000,27500,31000,224,4000,3500,3500,11224,
0201_002.8,35,20635,21500,26500,30000,34000,865,5000,3500,4000,13365,
0201_006.2,35,24062,25000,29500,31000,31500,938,4500,1500,500,7438,
0201_007.2,35,28540,29500,32000,36500,37000,960,2500,4500,500,8460,
0201_007.7,35,28540,30000,32500,37500,38000,1460,2500,5000,500,9460,
0201_008.7,35,46799,47000,48000,52000,52500,201,1000,4000,500,5701,
0201_010.8,35,77828,99000,100000,127000,134000,21172,1000,27000,7000,56172,
0201_012.8,35,101070,114000,122000,156000,157000,12930,8000,34000,1000,55930,
0201_013.8,35,131596,143000,149000,178000,179000,11404,6000,29000,1000,47404,
0201_014.7,35,107463,110000,115000,128000,136000,2537,5000,13000,8000,28537,
0201_015.3,35,108265,109000,115000,125000,131000,735,6000,10000,6000,22735,
0201_016.7,35,11171,11500,13500,15000,16000,329,2000,1500,1000,4829,
0201_017.0,35,11171,11500,14000,16000,17000,329,2500,2000,1000,5829,
0201_017.3,35,11171,12500,13500,16000,16500,1329,1000,2500,500,5329,
0201_017.5,35,25566,27000,28500,30000,31000,1434,1500,1500,1000,5434,
0201_017.8,35,25566,27000,28000,29500,30500,1434,1000,1500,1000,4934,
0201_018.0,35,25566,27000,27500,29000,30000,1434,500,1500,1000,4434,
0202_000.0,35,884,1600,2000,2000,2300,716,400,0,300,1416,
0202_001.5,35,884,900,1000,1000,1100,16,100,0,100,216,
0203_000.0,57,34373,39000,41500,44500,48500,4627,2500,3000,4000,14127,
0203_000.5,57,30825,35000,37500,40500,45500,4175,2500,3000,5000,14675,
0203_001.6,57,30825,35000,37000,39000,43000,4175,2000,2000,4000,12175,
0203_001.8,57,30825,35000,37000,39000,42500,4175,2000,2000,3500,11675,
0203_002.3,57,38969,43000,44500,46500,48500,4031,1500,2000,2000,9531,
0203_003.1,57,31677,35000,37000,38500,40500,3323,2000,1500,2000,8823,
0203_003.9,57,33782,36500,38500,39500,41500,2718,2000,1000,2000,7718,
0203_004.2,57,33782,36500,38500,39500,41000,2718,2000,1000,1500,7218,
0203_004.5,57,33782,36500,38500,39500,41000,2718,2000,1000,1500,7218,
0203_004.8,57,29196,32000,33500,35000,37000,2804,1500,1500,2000,7804,
0203_005.1,57,29196,31500,33500,34500,36000,2304,2000,1000,1500,6804,
0203_005.4,57,22845,25000,26500,27500,29500,2155,1500,1000,2000,6655,
0204_000.0,57,16790,18000,19000,19500,20500,1210,1000,500,1000,3710,
0204_000.1,57,16790,19000,21000,23000,25000,2210,2000,2000,2000,8210,
0204_000.4,57,35965,39000,40500,42500,44500,3035,1500,2000,2000,8535,
0204_001.1,57,24578,27000,29500,31500,33500,2422,2500,2000,2000,8922,
0204_001.2,57,24578,27000,28500,29500,31000,2422,1500,1000,1500,6422,
0204_001.5,57,24578,27000,28500,29500,31000,2422,1500,1000,1500,6422,
0204_001.8,57,24578,27000,29000,30000,31500,2422,2000,1000,1500,6922,
0204_002.1,57,25906,28500,30000,32500,33500,2594,1500,2500,1000,7594,
0204_002.4,57,25906,28500,30000,32000,33500,2594,1500,2000,1500,7594,
0204_002.5,57,25906,28500,29000,31500,32500,2594,500,2500,1000,6594,
0204_002.7,57,26512,28000,28500,29500,30000,1488,500,1000,500,3488,
0204_003.1,57,26512,27000,27500,28500,29000,488,500,1000,500,2488,
0204_003.6,57,33952,34500,36000,38500,40000,548,1500,2500,1500,6048,
0204_004.1,57,33952,34500,35500,37500,39500,548,1000,2000,2000,5548,
0204_004.6,57,22801,23000,24000,25500,26000,199,1000,1500,500,3199,
0204_005.1,57,14107,15000,17000,19000,20500,893,2000,2000,1500,6393,
0209_000.6,35,2004,2100,2500,3100,4000,96,400,600,900,1996,
0209_001.7,35,1787,2200,2700,3600,5300,413,500,900,1700,3513,
0209_003.0,35,4688,7800,8000,12000,14000,3112,200,4000,2000,9312,
0209_004.2,35,4688,8400,8600,15000,15500,3712,200,6400,500,10812,
0209_004.6,35,4688,9000,14500,27500,33500,4312,5500,13000,6000,28812,
0209_005.0,35,4688,9000,13500,18500,23000,4312,4500,5000,4500,18312,
0209_005.2,35,17845,19500,20000,24500,26000,1655,500,4500,1500,8155,
0209_005.7,35,17845,19000,19500,24000,25500,1155,500,4500,1500,7655,
0209_006.2,35,22817,24000,24500,27000,28500,1183,500,2500,1500,5683,
0209_006.8,35,22817,25500,28000,34500,38000,2683,2500,6500,3500,15183,
0209_007.2,35,22817,24000,25000,32000,34000,1183,1000,7000,2000,11183,
0209_007.7,35,21911,19500,23000,33000,35000,-2411,3500,10000,2000,13089,road realignment
0209_008.2,35,41732,40000,40500,48000,50000,-1732,500,7500,2000,8268,road realignment
0209_008.7,35,39006,38000,39500,48500,49000,-1006,1500,9000,500,9994,road realignment
0209_009.2,35,39006,38500,39500,51000,51500,-506,1000,11500,500,12494,road realignment
0209_009.7,35,50436,56000,57000,60500,62000,5564,1000,3500,1500,11564,
0209_010.2,35,44682,52000,53000,56500,58500,7318,1000,3500,2000,13818,
0209_011.2,35,45624,52000,52500,54500,56500,6376,500,2000,2000,10876,
0209_011.5,35,45624,52500,53500,54000,48500,6876,1000,500,-5500,2876,new 9400 S ramps in 2050
0209_011.7,35,44195,48000,51500,58000,56500,3805,3500,6500,-1500,12305,new 9400 S ramps in 2050
0209_011.9,35,44195,47000,49000,53000,45500,2805,2000,4000,-7500,1305,new 9400 S ramps in 2050
0209_012.2,35,44400,46000,49500,52000,52500,1600,3500,2500,500,8100,
0209_013.1,35,25782,26500,27000,28500,29000,718,500,1500,500,3218,
0209_014.0,35,29352,30000,30500,31000,32500,648,500,500,1500,3148,
0209_014.5,35,34100,35000,36000,24000,24500,900,1000,-12000,500,-9600,new Highland Drive in 2040
0209_015.5,35,19056,19500,19500,21000,22000,444,0,1500,1000,2944,
0209_016.0,35,10116,10500,10500,10500,11500,384,0,0,1000,1384,
0209_017.1,35,8542,8800,9300,9400,9500,258,500,100,100,958,
0209_017.6,35,1960,2000,2200,2300,2400,40,200,100,100,440,
0210_000.0,35,17068,17500,18500,19000,23000,432,1000,500,4000,5932,
0210_000.7,35,14945,15500,16500,17500,21000,555,1000,1000,3500,6055,
0210_001.2,35,14945,16000,17000,17500,20000,1055,1000,500,2500,5055,
0210_002.2,35,14945,15500,16000,16500,17000,555,500,500,500,2055,
0215_000.0,35,29860,30000,30500,31000,32500,140,500,500,1500,2640,
0215_000.3,35,74814,75000,75500,76000,79500,186,500,500,3500,4686,
0215_000.7,35,91737,95000,95500,98500,106000,3263,500,3000,7500,14263,
0215_001.8,35,73860,77000,77500,82500,90000,3140,500,5000,7500,16140,
0215_002.7,35,73626,76500,77000,81000,90000,2874,500,4000,9000,16374,
0215_003.7,35,71231,74500,75000,78500,86500,3269,500,3500,8000,15269,
0215_006.3,35,72672,77000,78000,84000,93500,4328,1000,6000,9500,20828,
0215_007.7,35,93454,100000,101000,103000,112000,6546,1000,2000,9000,18546,
0215_009.2,35,123543,131000,132000,135000,143000,7457,1000,3000,8000,19457,
0215_010.6,35,125387,138000,136000,142000,147000,12613,-2000,6000,5000,21613,drop in volume due to Bangerter Highway being converted to freeway in 2030 between 5400 S and I-80 in 2030
0215_011.5,35,112252,133000,128000,135000,142000,20748,-5000,7000,7000,29748,drop in volume due to Bangerter Highway being converted to freeway in 2030 between 5400 S and I-80 in 2030
0215_013.5,35,99886,117000,106000,113000,120000,17114,-11000,7000,7000,20114,drop in volume due to Bangerter Highway being converted to freeway in 2030 between 5400 S and I-80 in 2030
0215_015.5,35,116593,128000,105000,109000,116000,11407,-23000,4000,7000,-593,drop in volume due to Bangerter Highway being converted to freeway in 2030 between 5400 S and I-80 in 2030
0215_017.5,35,115217,121000,94500,97000,113000,5783,-26500,2500,16000,-2217,drop in volume due to Bangerter Highway being converted to freeway in 2030 between 5400 S and I-80 in 2030
0215_019.5,35,119277,131000,114000,119000,132000,11723,-17000,5000,13000,12723,drop in volume due to Bangerter Highway being converted to freeway in 2030 between 5400 S and I-80 in 2030
0215_020.6,35,101656,114000,99500,106000,118000,12344,-14500,6500,12000,16344,drop in volume due to Bangerter Highway being converted to freeway in 2030 between 5400 S and I-80 in 2030
0215_022.3,35,94563,105000,110000,130000,138000,10437,5000,20000,8000,43437,
0215_023.7,35,80227,91500,96000,115000,122000,11273,4500,19000,7000,41773,
0215_025.7,35,75533,87000,90000,103000,106000,11467,3000,13000,3000,30467,
0215_026.7,11,42492,22500,15500,17500,18500,-19992,-7000,2000,1000,-23992,drop in 2024 - due to Legacy Highway Restrictions Higher Speed and end of truck restrictions
0215_027.4,11,39875,19500,9500,11500,12000,-20375,-10000,2000,500,-27875,drop in 2024 - due to Legacy Highway Restrictions Higher Speed and end of truck restrictions
0225_000.1,11,6490,8800,9800,15000,18500,2310,1000,5200,3500,12010,
0225_000.3,11,20018,22500,23500,25000,26500,2482,1000,1500,1500,6482,
0225_000.6,11,20018,20500,21000,21500,22000,482,500,500,500,1982,
0227_000.0,11,9393,9400,11500,12000,12500,7,2100,500,500,3107,
0227_000.5,11,8188,8500,9000,9700,10000,312,500,700,300,1812,
0232_000.0,11,29053,31000,34500,37000,40500,1947,3500,2500,3500,11447,
0232_000.1,11,46398,49000,52000,53500,55000,2602,3000,1500,1500,8602,
0232_000.3,11,22590,24000,26000,28500,30000,1410,2000,2500,1500,7410,
0232_001.3,11,26074,26500,27500,29000,30500,426,1000,1500,1500,4426,
0232_002.3,11,9205,9300,9400,9500,9600,95,100,100,100,395,
0235_000.0,57,27662,28000,29000,30500,31000,338,1000,1500,500,3338,
0235_000.5,57,27470,28000,29000,29500,30000,530,1000,500,500,2530,
0235_001.1,57,32895,33500,35500,37000,37500,605,2000,1500,500,4605,
0235_001.2,57,26770,28000,29000,30000,25000,1230,1000,1000,-5000,-1770,0
0235_002.0,57,31079,32000,32500,34000,30500,921,500,1500,-3500,-579,0
0235_002.4,57,31079,32000,32500,34500,30500,921,500,2000,-4000,-579,0
0235_002.6,57,31079,32000,32500,34000,31000,921,500,1500,-3000,-79,0
0235_003.1,57,24890,26000,26500,28000,25500,1110,500,1500,-2500,610,0
0241_000.0,49,28000,29500,31500,32500,36000,1500,2000,1000,3500,8000,
0241_000.3,49,28000,29500,31500,32500,36000,1500,2000,1000,3500,8000,
0241_000.7,49,21000,21500,25000,26000,26500,500,3500,1000,500,5500,
0241_001.2,49,21000,21500,25000,25500,27500,500,3500,500,2000,6500,
0265_000.0,49,24454,25000,26000,54000,64000,546,1000,28000,10000,39546,
0265_000.4,49,54424,57000,46500,50500,66000,2576,-10500,4000,15500,11576,"New 820 N Interchange in 2030, additional connectivity in 2040"
0265_000.7,49,53857,55000,49000,46500,60000,1143,-6000,-2500,13500,6143,"New 820 N Interchange in 2030, additional connectivity in 2040"
0265_001.2,49,53857,56000,49500,48000,61000,2143,-6500,-1500,13000,7143,"New 820 N Interchange in 2030, additional connectivity in 2040"
0265_001.7,49,59784,61000,55000,46000,54000,1216,-6000,-9000,8000,-5784,"New 820 N Interchange in 2030, additional connectivity in 2040"
0265_002.3,49,46790,47000,41500,32000,36500,210,-5500,-9500,4500,-10290,"New 820 N Interchange in 2030, additional connectivity in 2040"
0265_002.7,49,34559,35000,30000,28500,34500,441,-5000,-1500,6000,-59,"New 820 N Interchange in 2030, additional connectivity in 2040"
0265_003.6,49,40035,40500,35000,33000,37500,465,-5500,-2000,4500,-2535,"New 820 N Interchange in 2030, additional connectivity in 2040"
0265_004.1,49,44834,45000,39500,38500,42500,166,-5500,-1000,4000,-2334,"New 820 N Interchange in 2030, additional connectivity in 2040"
0266_000.0,35,44987,45000,45500,46000,46500,13,500,500,500,1513,
0266_000.1,35,47642,48000,50500,54500,57500,358,2500,4000,3000,9858,
0266_000.3,35,47642,50500,54000,58000,60500,2858,3500,4000,2500,12858,
0266_000.8,35,30115,30500,31000,31500,34000,385,500,500,2500,3885,
0266_001.7,35,25115,25500,26000,27500,31000,385,500,1500,3500,5885,
0266_002.2,35,43328,43500,44500,45500,46500,172,1000,1000,1000,3172,
0266_002.6,35,43328,43500,44000,45000,47500,172,500,1000,2500,4172,
0266_002.8,35,47377,49500,52500,55000,57500,2123,3000,2500,2500,10123,
0266_003.0,35,47377,49000,53000,55000,57500,1623,4000,2000,2500,10123,
0266_003.4,35,47564,48500,52000,53500,56000,936,3500,1500,2500,8436,
0266_003.5,35,40819,42500,45000,46000,49000,1681,2500,1000,3000,8181,
0266_004.1,35,40819,42000,44500,45500,48500,1181,2500,1000,3000,7681,
0266_004.4,35,29303,29500,30000,30500,33000,197,500,500,2500,3697,
0266_004.7,35,30718,31000,32000,32500,38500,282,1000,500,6000,7782,
0266_005.0,35,30718,31000,31500,32000,34500,282,500,500,2500,3782,
0266_005.3,35,20842,22000,22500,23000,24500,1158,500,500,1500,3658,
0266_006.0,35,13159,13500,13500,14500,15500,341,0,1000,1000,2341,
0266_006.6,35,13159,14000,14000,14500,15000,841,0,500,500,1841,
0266_006.9,35,14739,15000,15000,15500,16000,261,0,500,500,1261,
0266_007.4,35,17144,17500,17500,18000,20000,356,0,500,2000,2856,
0266_008.1,35,17144,17500,18000,18500,19000,356,500,500,500,1856,
0268_000.0,35,14435,17000,17000,18000,20000,2565,0,1000,2000,5565,
0268_000.2,35,14435,15500,20500,21500,25500,1065,5000,1000,4000,11065,
0268_000.6,35,14435,14500,18000,19000,21500,65,3500,1000,2500,7065,
0269_000.0,35,51294,51500,61500,63500,65500,206,10000,2000,2000,14206,
0269_000.2,35,51294,51500,58500,60500,63000,206,7000,2000,2500,11706,
0269_000.3,35,39731,40000,44000,45000,47500,269,4000,1000,2500,7769,
0269_000.5,35,39731,40000,43500,45500,47500,269,3500,2000,2000,7769,
0269_000.6,35,39195,39500,41500,43500,46500,305,2000,2000,3000,7305,
0269_000.8,35,39195,39500,41500,42500,43000,305,2000,1000,500,3805,
0269_000.9,35,26760,27000,27500,28000,28500,240,500,500,500,1740,
0269_001.0,35,26760,27500,28000,28500,29000,740,500,500,500,2240,
0269_001.2,35,33935,34500,35500,36000,37000,565,1000,500,1000,3065,
0269_001.3,35,33935,34500,36000,36500,37000,565,1500,500,500,3065,
0269_001.5,35,38847,39500,40500,41000,42000,653,1000,500,1000,3153,
0269_001.7,35,38000,38500,39500,40000,41000,500,1000,500,1000,3000,
0270_000.0,35,29311,30500,32000,35500,36500,1189,1500,3500,1000,7189,
0270_000.2,35,29311,30000,31500,33000,34000,689,1500,1500,1000,4689,
0270_000.3,35,29311,29500,31500,34000,34500,189,2000,2500,500,5189,
0270_000.5,35,29311,29500,33500,35500,35500,189,4000,2000,0,6189,
0270_000.6,35,29311,31500,34000,36000,37500,2189,2500,2000,1500,8189,
0273_000.0,11,19110,16000,16500,17000,17500,-3110,500,500,500,-1610,0
0273_001.1,11,19110,16000,16500,17000,17500,-3110,500,500,500,-1610,0
0273_002.1,11,17146,13000,13500,14000,14500,-4146,500,500,500,-2646,0
0273_002.4,11,22748,23500,24000,25500,28000,752,500,1500,2500,5252,
0273_003.0,11,14814,15000,15500,18000,21500,186,500,2500,3500,6686,
0282_000.0,35,11564,12000,12500,12500,13000,436,500,0,500,1436,
0282_000.1,35,7021,7100,7200,7300,7400,79,100,100,100,379,
0282_000.5,35,13628,14000,14000,14500,14500,372,0,500,0,872,
0282_001.0,35,23697,24000,24000,24500,24500,303,0,500,0,803,
0282_001.4,35,36299,36500,36500,37000,37000,201,0,500,0,701,
0282_001.8,35,15419,15500,15500,16000,16000,81,0,500,0,581,
0282_002.2,35,13874,14000,14000,14500,14500,126,0,500,0,626,
0282_002.4,35,12885,13000,13000,13500,13500,115,0,500,0,615,
0287_000.0,35,2100,4100,4700,7100,7800,2000,600,2400,700,5700,
0294_000.0,49,2100,2100,2100,2100,2100,0,0,0,0,0,
0315_000.0,3,0,3200,3300,3400,3500,3200,100,100,100,3500,
0315_000.9,3,3331,3900,4100,4200,4500,569,200,100,300,1169,
0315_001.4,3,3331,3500,3900,4200,4500,169,400,300,300,1169,
1082_008.5,3,740,800,850,1000,1100,60,50,150,100,360,
1082_012.5,3,6214,8100,9800,11000,11500,1886,1700,1200,500,5286,
1082_013.3,3,8200,9600,9700,10000,10500,1400,100,300,500,2300,
1082_014.4,3,7609,9200,10000,10500,11000,1591,800,500,500,3391,
1084_000.0,3,327,400,500,600,700,73,100,100,100,373,
1084_001.0,3,327,400,500,550,600,73,100,50,50,273,
1085_000.0,3,0,200,250,250,300,200,50,0,50,300,
1085_000.4,3,0,200,250,250,300,200,50,0,50,300,
1085_001.5,3,232,1500,1500,1700,1900,1268,0,200,200,1668,
1085_002.3,3,232,1100,1100,1400,1800,868,0,300,400,1568,
1085_003.4,3,232,750,750,2600,3100,518,0,1850,500,2868,
1085_004.1,3,0,500,500,4900,5400,500,0,4400,500,5400,
1085_004.5,3,0,100,1400,2500,2700,100,1300,1100,200,2700,
1085_005.4,3,116,200,2000,3200,3400,84,1800,1200,200,3284,
1086_000.0,3,9109,9400,9600,9800,10000,291,200,200,200,891,
1086_000.7,3,6817,7700,8100,8300,8600,883,400,200,300,1783,
1086_001.2,3,6817,7500,7700,7800,8100,683,200,100,300,1283,
1086_001.7,3,3577,4800,5400,5500,5600,1223,600,100,100,2023,
1086_001.9,3,3577,4800,5300,5600,5800,1223,500,300,200,2223,
1086_002.6,3,5453,5700,5800,5900,6100,247,100,100,200,647,
1086_003.0,3,5453,5800,6000,6300,6600,347,200,300,300,1147,
1086_003.4,3,515,800,900,1200,1300,285,100,300,100,785,
1088_000.0,3,6361,6500,6900,6900,7000,139,400,0,100,639,
1088_000.4,3,4690,4700,4800,4800,4900,10,100,0,100,210,
1088_000.6,3,4690,4800,4800,4800,4900,110,0,0,100,210,
1090_000.0,3,950,1000,1100,1100,1200,50,100,0,100,250,
1090_000.7,3,5194,6100,6700,6900,7000,906,600,200,100,1806,
1090_001.2,3,3521,3600,3700,3700,3800,79,100,0,100,279,
1090_001.5,3,3521,3600,3600,3600,3700,79,0,0,100,179,
1092_000.0,3,0,0,0,40,70,0,0,40,30,70,
1092_000.7,3,0,100,150,200,300,100,50,50,100,300,
1092_001.2,3,0,50,100,150,200,50,50,50,50,200,
1094_000.0,3,696,700,750,800,850,4,50,50,50,154,
1094_000.4,3,1596,1600,1700,1700,1800,4,100,0,100,204,
1094_000.6,3,3458,3500,3500,3500,3600,42,0,0,100,142,
1094_000.9,3,2565,2600,2600,2700,2800,35,0,100,100,235,
1094_001.5,3,573,600,650,700,2000,27,50,50,1300,1427,
1096_000.0,3,1601,1700,1900,2000,2200,99,200,100,200,599,
1096_000.4,3,740,800,950,1100,1400,60,150,150,300,660,
1098_000.0,3,2110,2900,4200,5000,5500,790,1300,800,500,3390,
1098_000.8,3,2110,2500,3200,3600,4000,390,700,400,400,1890,
1100_000.0,3,3584,4300,4800,5200,5400,716,500,400,200,1816,
1100_001.1,3,3293,3300,3400,3500,3600,7,100,100,100,307,
1100_001.6,3,1233,1300,1300,1300,1500,67,0,0,200,267,
1100_001.7,3,1233,1300,1300,1300,1400,67,0,0,100,167,
1112_000.0,3,1462,1500,1600,1700,2000,38,100,100,300,538,
1380_000.0,11,9718,9800,10500,11500,12000,82,700,1000,500,2282,
1380_000.1,11,9718,9800,9900,10000,10500,82,100,100,500,782,
1380_000.5,11,10996,11000,11500,12500,13000,4,500,1000,500,2004,
1380_001.2,11,15003,15500,16500,17500,18000,497,1000,1000,500,2997,
1380_001.7,11,4638,5100,5500,6200,6400,462,400,700,200,1762,
1384_000.0,11,5084,5200,5900,6500,6800,116,700,600,300,1716,
1384_000.2,11,5084,5100,5300,5600,5700,16,200,300,100,616,
1384_000.6,11,5084,5300,5800,6300,6500,216,500,500,200,1416,
1384_001.6,11,5084,5300,5700,6200,6200,216,400,500,0,1116,
1384_002.5,11,5084,5300,5500,6200,6200,216,200,700,0,1116,
1384_003.1,11,5084,5400,6200,7200,8500,316,800,1000,1300,3416,
1384_003.8,11,5084,5400,6000,6800,7900,316,600,800,1100,2816,
1386_000.0,11,10932,10000,9800,10500,11000,-932,-200,700,500,68,traffic shifts due to Legacy/Redwood Rd
1386_000.9,11,10449,9600,8200,9100,9300,-849,-1400,900,200,-1149,traffic shifts due to Legacy/Redwood Rd
1388_000.0,11,26600,27000,27500,28500,30000,400,500,1000,1500,3400,
1388_000.2,11,14858,15000,15000,15500,16000,142,0,500,500,1142,
1388_000.5,11,20110,20500,21000,21500,21500,390,500,500,0,1390,
1388_000.8,11,14316,14500,15000,15500,15500,184,500,500,0,1184,
1388_001.4,11,14316,14500,14500,15000,15000,184,0,500,0,684,
1388_001.7,11,11574,12000,12000,12500,12500,426,0,500,0,926,
1388_002.4,11,17038,17000,17000,17500,18000,-38,0,500,500,962,traffic shfits due to improved Legacy
1388_003.0,11,11360,10500,11000,13000,13500,-860,500,2000,500,2140,traffic shfits due to improved Legacy
1388_003.9,11,5563,3600,4200,4800,5300,-1963,600,600,500,-263,traffic shfits due to improved Legacy
1388_004.4,11,6287,5500,6100,7000,7100,-787,600,900,100,813,traffic shfits due to improved Legacy
1388_004.9,11,2890,1900,2200,2900,2900,-990,300,700,0,10,traffic shfits due to improved Legacy
1389_000.0,11,0,0,0,0,0,0,0,0,0,0,
1389_000.1,11,1750,1800,1800,1800,1800,50,0,0,0,50,
1389_000.8,11,1875,1900,2000,2100,2100,25,100,100,0,225,
1389_001.2,11,1707,1800,1800,1900,1900,93,0,100,0,193,
1389_002.1,11,3274,3300,3400,3500,3700,26,100,100,200,426,
1389_003.1,11,2309,2500,2700,3000,3100,191,200,300,100,791,
1390_000.0,11,1542,1600,1600,1600,1700,58,0,0,100,158,
1390_000.3,11,1542,1600,1600,1600,1700,58,0,0,100,158,
1392_000.0,11,4804,5700,7200,11000,13000,896,1500,3800,2000,8196,
1392_001.2,11,16877,17500,19000,21500,23000,623,1500,2500,1500,6123,
1392_002.1,11,9944,10500,12000,13500,14500,556,1500,1500,1000,4556,
1392_002.3,11,9944,10500,12500,14000,14500,556,2000,1500,500,4556,
1392_002.4,11,4968,5400,5500,5800,6100,432,100,300,300,1132,
1394_000.0,11,6108,6500,6800,7000,7100,392,300,200,100,992,
1395_000.0,11,0,8800,9000,9200,10000,8800,200,200,800,10000,
1396_000.0,11,7222,7300,7900,8300,9100,78,600,400,800,1878,
1397_000.0,11,0,200,500,800,1200,200,300,300,400,1200,
1398_000.0,11,2626,2700,3000,3200,3400,74,300,200,200,774,
1398_000.3,11,2562,2800,3100,3800,3900,238,300,700,100,1338,
1400_000.0,11,5501,5600,5800,6100,6400,99,200,300,300,899,
1400_001.3,11,2925,3000,3100,3200,3500,75,100,100,300,575,
1400_002.7,11,2583,2600,2700,2800,3000,17,100,100,200,417,
1400_004.4,11,3468,3600,3900,4200,4500,132,300,300,300,1032,
1400_006.5,11,5614,6000,6700,7000,7600,386,700,300,600,1986,
1400_006.8,11,7095,7600,8300,8700,9400,505,700,400,700,2305,
1400_007.5,11,18472,19000,19000,19500,20000,528,0,500,500,1528,
1402_000.0,11,5872,5900,5900,5900,6200,28,0,0,300,328,
1402_000.3,11,6135,6200,6200,6200,6300,65,0,0,100,165,
1404_000.0,11,9734,10500,11000,11500,12500,766,500,500,1000,2766,
1404_000.4,11,7709,7800,8100,8300,8700,91,300,200,400,991,
1404_001.1,11,7709,7900,8300,8700,8900,191,400,400,200,1191,
1404_001.4,11,12770,13000,13500,13500,14000,230,500,0,500,1230,
1404_002.1,11,10117,10500,11000,12000,12500,383,500,1000,500,2383,
1406_000.0,11,1527,1700,2100,2300,2500,173,400,200,200,973,
1408_000.0,11,8370,9000,9200,9500,10000,630,200,300,500,1630,
1408_000.1,11,8370,8400,8500,8600,8900,30,100,100,300,530,
1408_000.7,11,12376,12500,12500,13000,13500,124,0,500,500,1124,
1408_001.2,11,6752,6800,6900,7300,7500,48,100,400,200,748,
1410_000.0,11,3015,3500,4100,4500,5800,485,600,400,1300,2785,
1410_001.0,11,3015,3600,3900,4600,5300,585,300,700,700,2285,
1410_001.5,11,13986,14000,14000,14500,15000,14,0,500,500,1014,
1410_002.0,11,12293,12500,12500,12500,13000,207,0,0,500,707,
1410_002.2,11,12293,12500,12500,12500,13000,207,0,0,500,707,
1410_002.3,11,4077,4200,4200,4300,4600,123,0,100,300,523,
1416_000.0,11,1549,1600,1600,1700,1800,51,0,100,100,251,
1416_009.6,11,525,550,600,650,750,25,50,50,100,225,
1416_024.7,11,525,550,600,650,750,25,50,50,100,225,
1416_024.8,11,898,900,950,1000,1100,2,50,50,100,202,
1418_000.0,11,6992,7300,7300,7900,8000,308,0,600,100,1008,
1418_000.9,11,4786,5000,5400,5700,5800,214,400,300,100,1014,
1418_001.7,11,4478,4900,5900,6400,6600,422,1000,500,200,2122,
1420_000.0,11,24899,25000,26000,27500,28500,101,1000,1500,1000,3601,
1420_000.3,11,20163,20500,20500,21000,21500,337,0,500,500,1337,
1420_000.7,11,13560,14000,14000,14000,14500,440,0,0,500,940,
1422_000.0,11,11804,12000,12500,12500,13000,196,500,0,500,1196,
1422_000.7,11,13421,13500,13500,14000,14000,79,0,500,0,579,
1422_001.5,11,9465,9600,10000,10500,11000,135,400,500,500,1535,
1422_002.0,11,10000,10500,11000,11500,11500,500,500,500,0,1500,
1422_002.5,11,10000,18000,18000,18000,18000,8000,0,0,0,8000,
1424_000.0,11,6108,6200,6300,6400,6500,92,100,100,100,392,
1424_000.3,11,6108,6200,6400,7400,7500,92,200,1000,100,1392,
1425_000.0,11,102,300,400,550,1000,198,100,150,450,898,
1425_000.6,11,102,150,400,900,1100,48,250,500,200,998,
1427_000.0,11,10420,14500,17500,21500,24000,4080,3000,4000,2500,13580,
1427_000.1,11,0,0,6300,10500,12500,0,6300,4200,2000,12500,
1428_000.0,11,2036,2300,2400,3300,3500,264,100,900,200,1464,
1428_000.4,11,2036,2500,2700,3200,3600,464,200,500,400,1564,
1428_001.1,11,2036,2200,2200,2400,2400,164,0,200,0,364,
1428_001.7,11,2036,2300,2500,2500,2600,264,200,0,100,564,
1428_004.2,11,2036,2200,2400,3100,3600,164,200,700,500,1564,
1430_000.0,11,3845,4300,4700,6000,7800,455,400,1300,1800,3955,
1431_000.0,11,3054,3100,3100,3100,3100,46,0,0,0,46,
1431_000.5,11,3054,3100,4300,5500,5800,46,1200,1200,300,2746,
1431_001.0,11,1018,1200,10500,13500,15500,182,9300,3000,2000,14482,
1431_002.8,11,509,650,9200,12500,14500,141,8550,3300,2000,13991,
1431_004.1,11,509,1200,1700,2600,3700,691,500,900,1100,3191,
1432_000.0,11,3054,3200,3400,4100,4200,146,200,700,100,1146,
1435_000.4,11,111,150,1100,2300,2800,39,950,1200,500,2689,
1435_000.9,11,111,500,1600,3300,4000,389,1100,1700,700,3889,
1435_001.4,11,8685,8700,10000,11000,12000,15,1300,1000,1000,3315,
1435_002.4,11,1122,21000,23000,23500,24500,19878,2000,500,1000,23378,
1436_000.0,11,5257,5300,5400,6100,6200,43,100,700,100,943,
1436_000.3,11,5257,5700,5800,6100,6200,443,100,300,100,943,
1438_000.8,11,8508,14000,15000,20500,24000,5492,1000,5500,3500,15492,
1438_000.9,11,8508,8700,9000,10000,11000,192,300,1000,1000,2492,
1438_002.0,11,3756,3800,4300,5500,6100,44,500,1200,600,2344,
1438_002.4,11,6380,6400,6800,7700,8200,20,400,900,500,1820,
1438_003.6,11,6380,5500,5800,6300,6700,-880,300,500,400,320,0
1438_004.6,11,4233,3900,4200,4800,5100,-333,300,600,300,867,0
1438_005.7,11,4233,3900,4000,4800,5800,-333,100,800,1000,1567,0
1439_000.0,11,9490,9100,9300,10500,11000,-390,200,1200,500,1510,0
1442_000.0,11,14692,11500,12000,14000,15500,-3192,500,2000,1500,808,0
1442_000.1,11,6897,7000,7500,8500,9400,103,500,1000,900,2503,
1443_000.0,11,2213,2700,3100,3700,4400,487,400,600,700,2187,
1443_001.4,11,2213,2700,3100,3700,4400,487,400,600,700,2187,
1444_000.0,11,0,2900,3100,3300,3700,2900,200,200,400,3700,
1444_000.4,11,0,4000,4200,4400,4700,4000,200,200,300,4700,
1445_000.0,11,556,850,1100,1300,1500,294,250,200,200,944,
1445_000.6,11,10044,10500,10500,10500,11000,456,0,0,500,956,
1445_001.4,11,10044,10500,10500,11000,11000,456,0,500,0,956,
1445_002.9,11,10044,10500,9800,11000,11000,456,-700,1200,0,956,0
1445_003.7,11,10044,10500,9300,9600,9600,456,-1200,300,0,-444,0
1446_000.0,11,3427,3600,3800,4200,4400,173,200,400,200,973,
1446_000.8,11,3427,3900,4000,4300,4500,473,100,300,200,1073,
1446_001.7,11,1884,5000,5300,5500,5900,3116,300,200,400,4016,
1446_002.7,11,1884,2000,2000,2100,2100,116,0,100,0,216,
1448_000.0,11,6858,7000,7000,7100,7100,142,0,100,0,242,
1448_000.2,11,6858,4800,5100,5700,6600,-2058,300,600,900,-258,drop due to improved US-89
1449_000.0,11,514,800,1000,1400,1700,286,200,400,300,1186,
1449_001.3,11,514,40,60,200,250,-474,20,140,50,-264,traffic changes due to WDC and US-89
1450_000.0,11,2833,2600,2600,2900,3100,-233,0,300,200,267,traffic changes due to WDC and US-89
1450_000.8,11,3179,3100,4200,5300,5700,-79,1100,1100,400,2521,traffic changes due to WDC and US-89
1452_000.0,11,14371,14000,15000,16000,17000,-371,1000,1000,1000,2629,traffic changes due to WDC and US-89
1452_000.9,11,14942,13500,15000,16000,16500,-1442,1500,1000,500,1558,traffic changes due to WDC and US-89
1454_000.0,11,11996,13000,14500,16000,17000,1004,1500,1500,1000,5004,
1454_000.6,11,11996,12500,14500,15500,16500,504,2000,1000,1000,4504,
1456_000.0,11,7013,4900,5200,6500,6900,-2113,300,1300,400,-113,traffic changes due to US-89 improvements
1456_000.2,11,7013,5600,5900,6600,6800,-1413,300,700,200,-213,traffic changes due to US-89 improvements
1456_001.0,11,8272,7200,7700,9400,9800,-1072,500,1700,400,1528,traffic changes due to US-89 improvements
1456_001.7,11,15510,14500,15000,16000,16500,-1010,500,1000,500,990,traffic changes due to US-89 improvements
1456_002.7,11,12821,11000,11500,12500,13500,-1821,500,1000,1000,679,traffic changes due to US-89 improvements
1456_003.4,11,12821,12000,12500,13500,14500,-821,500,1000,1000,1679,traffic changes due to US-89 improvements
1456_003.7,11,5487,5300,5700,6400,7600,-187,400,700,1200,2113,traffic changes due to US-89 improvements
1458_000.0,11,11728,9900,9200,9400,9600,-1828,-700,200,200,-2128,changes due to WDC and better east/west connectivity
1458_000.4,11,11728,10000,9900,13000,13500,-1728,-100,3100,500,1772,changes due to WDC and better east/west connectivity
1458_000.8,11,8375,6700,9900,10500,11000,-1675,3200,600,500,2625,changes due to WDC and better east/west connectivity
1458_001.3,11,8375,7400,3300,4100,4700,-975,-4100,800,600,-3675,changes due to WDC and better east/west connectivity
1458_001.8,11,8375,7400,5700,6600,7300,-975,-1700,900,700,-1075,changes due to WDC and better east/west connectivity
1458_002.3,11,8375,7500,5700,6400,7000,-875,-1800,700,600,-1375,changes due to WDC and better east/west connectivity
1458_002.8,11,8375,7200,5600,6600,6800,-1175,-1600,1000,200,-1575,changes due to WDC and better east/west connectivity
1458_003.4,11,10656,10000,9000,9900,10000,-656,-1000,900,100,-656,changes due to WDC and better east/west connectivity
1458_003.8,11,10656,10000,9000,9900,10000,-656,-1000,900,100,-656,changes due to WDC and better east/west connectivity
1459_000.0,11,514,1200,1200,1400,2000,686,0,200,600,1486,
1459_000.3,11,514,700,900,2000,3100,186,200,1100,1100,2586,
1459_000.9,11,514,3600,6500,9200,10500,3086,2900,2700,1300,9986,
1459_001.5,11,514,600,900,950,1100,86,300,50,150,586,
1459_002.0,11,514,850,1400,2400,3200,336,550,1000,800,2686,
1459_003.6,11,514,5500,6100,11500,16000,4986,600,5400,4500,15486,
1462_000.0,11,3984,4000,4000,4000,4000,16,0,0,0,16,
1462_000.1,11,3984,4000,4900,6000,7400,16,900,1100,1400,3416,
1462_001.1,11,7344,6100,6700,7900,9000,-1244,600,1200,1100,1656,traffic shifts due to US-89
1462_001.9,11,7344,4600,5000,6200,7200,-2744,400,1200,1000,-144,traffic shifts due to US-89
1462_002.3,11,7344,5200,5600,7000,7900,-2144,400,1400,900,556,traffic shifts due to US-89
1464_000.0,11,9828,12000,12500,13500,14000,2172,500,1000,500,4172,
1464_001.0,11,9828,10000,10000,11000,12000,172,0,1000,1000,2172,
1464_002.0,11,9828,10500,10500,11500,12000,672,0,1000,500,2172,
1464_002.5,11,9828,7400,9200,5900,6100,-2428,1800,-3300,200,-3728,changes due to WDC and better east/west connectivity
1464_003.0,11,8111,7900,8000,7800,7800,-211,100,-200,0,-311,changes due to WDC and better east/west connectivity
1464_004.0,11,8111,7600,7600,7000,7600,-511,0,-600,600,-511,changes due to WDC and better east/west connectivity
1464_005.0,11,8111,7600,7700,6800,6900,-511,100,-900,100,-1211,changes due to WDC and better east/west connectivity
1466_000.0,11,11421,12000,12500,10000,10500,579,500,-2500,500,-921,changes due to WDC and better east/west connectivity
1466_000.5,11,11421,10500,13000,8900,9200,-921,2500,-4100,300,-2221,changes due to WDC and better east/west connectivity
1466_001.0,11,11421,8200,8400,8100,8800,-3221,200,-300,700,-2621,changes due to WDC and better east/west connectivity
1467_000.0,11,20432,19500,20000,20500,21500,-932,500,500,1000,1068,changes due to WDC and better east/west connectivity
1467_000.6,11,20432,19500,22000,24500,25500,-932,2500,2500,1000,5068,changes due to WDC and better east/west connectivity
1467_001.0,11,20432,20500,21500,24000,25500,68,1000,2500,1500,5068,
1467_002.1,11,20432,21500,22000,25000,26500,1068,500,3000,1500,6068,
1468_000.0,11,1002,1100,1200,1400,1600,98,100,200,200,598,
1470_000.0,11,749,850,950,1200,1500,101,100,250,300,751,
1470_000.4,11,749,800,850,950,1600,51,50,100,650,851,
1471_000.0,11,514,1000,1400,2100,2800,486,400,700,700,2286,
1471_000.8,11,514,1100,1600,2300,3100,586,500,700,800,2586,
1472_000.0,11,1757,2000,2200,2400,2500,243,200,200,100,743,
1472_000.5,11,1757,2000,2400,3000,3100,243,400,600,100,1343,
1472_001.0,11,1757,2000,2100,2800,2900,243,100,700,100,1143,
1474_000.0,11,9322,9600,10500,13000,14500,278,900,2500,1500,5178,
1474_000.8,11,13320,12000,12500,13500,15000,-1320,500,1000,1500,1680,drop due to new connectivity to US-89
1474_001.3,11,5090,2400,2900,3800,4700,-2690,500,900,900,-390,drop due to new connectivity to US-89
1476_000.0,11,1753,1900,2000,2200,2400,147,100,200,200,647,
1478_000.0,11,27271,27500,28500,30500,32000,229,1000,2000,1500,4729,
1478_000.7,11,13091,13500,14500,16000,17000,409,1000,1500,1000,3909,
1478_001.5,11,13091,13500,14000,15500,16000,409,500,1500,500,2909,
1478_002.0,11,6846,6900,7500,8600,9400,54,600,1100,800,2554,
1478_002.2,11,6846,7200,8000,9100,9900,354,800,1100,800,3054,
1480_000.0,11,514,850,950,1000,1200,336,100,50,200,686,
1480_000.4,11,514,700,950,1400,1600,186,250,450,200,1086,
1482_000.0,11,9470,9500,9600,9700,10500,30,100,100,800,1030,
1482_000.2,11,9470,9500,9600,9700,10500,30,100,100,800,1030,
1483_000.0,11,5275,5300,5400,5500,5600,25,100,100,100,325,
1483_001.0,11,5275,5400,5700,6300,6500,125,300,600,200,1225,
1483_001.4,11,5275,5400,6100,7500,7600,125,700,1400,100,2325,
1483_002.0,11,5275,5400,5400,5400,5500,125,0,0,100,225,
1483_002.5,11,5275,6300,8300,11000,12000,1025,2000,2700,1000,6725,
1483_003.0,11,2102,2800,3100,3600,3700,698,300,500,100,1598,
1483_003.5,11,2102,2500,2600,2900,3500,398,100,300,600,1398,
1483_004.0,11,2102,2600,2900,3400,4500,498,300,500,1100,2398,
1483_004.5,11,2102,2600,2800,2800,2900,498,200,0,100,798,
1483_005.0,11,2437,2900,3000,4100,4800,463,100,1100,700,2363,
1483_005.5,57,1122,1600,1900,2300,2700,478,300,400,400,1578,
1484_000.4,11,9638,8700,9800,12500,14000,-938,1100,2700,1500,4362,improved US-89
1484_000.7,11,11137,9200,9400,10500,11500,-1937,200,1100,1000,363,improved US-89
1484_001.7,11,3085,3300,3500,4100,4700,215,200,600,600,1615,
1484_002.7,11,3085,3100,3300,3500,3800,15,200,200,300,715,
1485_000.0,11,4282,4300,4500,13500,14000,18,200,9000,500,9718,
1485_000.5,11,4282,4300,4500,3800,3800,18,200,-700,0,-482,SR-193 interchange
1485_001.5,11,3876,4800,5600,6400,6700,924,800,800,300,2824,
1485_002.5,11,3876,4200,4800,5500,5800,324,600,700,300,1924,
1486_000.0,11,2532,2800,3100,3500,3900,268,300,400,400,1368,
1486_000.4,11,2532,2900,3200,3800,4400,368,300,600,600,1868,
1488_000.0,11,2705,2800,2900,3000,3100,95,100,100,100,395,
1489_000.0,11,6489,7900,9400,9900,11000,1411,1500,500,1100,4511,
1489_001.0,11,6489,7800,8800,12500,14500,1311,1000,3700,2000,8011,
1489_001.5,11,16078,16500,17000,20000,22000,422,500,3000,2000,5922,
1489_002.0,11,10949,12000,12500,13000,14500,1051,500,500,1500,3551,
1490_000.0,11,14715,15000,15500,16500,17000,285,500,1000,500,2285,
1490_001.0,11,14715,15000,15500,17000,17500,285,500,1500,500,2785,
1490_001.5,11,10243,12000,12500,14500,15500,1757,500,2000,1000,5257,
1490_002.0,11,9104,9300,9800,12500,13500,196,500,2700,1000,4396,
1490_002.5,11,6392,6000,6800,7000,8600,-392,800,200,1600,2208,drop due to WDC in 2024
1490_003.0,11,6392,6000,6600,7200,9600,-392,600,600,2400,3208,drop due to WDC in 2024
1492_000.0,11,5854,5600,5700,5800,5900,-254,100,100,100,46,drop due to WDC in 2024
1492_000.2,11,5854,5500,5700,6000,6100,-354,200,300,100,246,drop due to WDC in 2024
1492_001.5,11,5854,5600,6600,7500,7600,-254,1000,900,100,1746,drop due to WDC in 2024
1492_002.5,11,4417,4000,3600,3700,4000,-417,-400,100,300,-417,drop due to WDC in 2024 and 800 N - drop due to 1800 N widening/interchange in 2030
1492_003.0,11,4417,4300,3100,3500,4100,-117,-1200,400,600,-317,drop due to WDC in 2024 and 800 N - drop due to 1800 N widening/interchange in 2030
1492_003.5,11,7435,7300,5300,6300,6800,-135,-2000,1000,500,-635,drop due to WDC in 2024 and 800 N - drop due to 1800 N widening/interchange in 2030
1495_000.0,11,2777,1700,1800,1900,2000,-1077,100,100,100,-777,drop due to WDC in 2024
1495_001.3,11,1430,1400,1900,2700,2800,-30,500,800,100,1370,drop due to WDC in 2024
1498_000.0,11,7257,4600,4300,4600,4700,-2657,-300,300,100,-2557,drop due to WDC in 2024
1498_000.3,11,7257,5200,4400,4500,4600,-2057,-800,100,100,-2657,drop due to WDC in 2024
1498_001.6,11,8640,12000,13500,18000,20500,3360,1500,4500,2500,11860,
1500_000.0,11,11388,11000,11500,10000,10500,-388,500,-1500,500,-888,drop due to WDC
1500_000.8,11,11388,9200,9400,9300,9500,-2188,200,-100,200,-1888,drop due to WDC
1504_000.0,11,1183,1500,1600,1700,2200,317,100,100,500,1017,
1504_000.3,11,1183,1700,1800,2100,2500,517,100,300,400,1317,
1504_001.5,11,1183,1600,1400,1700,2000,417,-200,300,300,817,1300 N - drop due to 1800 N wide/int
1504_002.5,11,1183,1200,750,1100,1200,17,-450,350,100,17,1300 N - drop due to 1800 N wide/int
1504_003.0,11,1183,1200,150,500,600,17,-1050,350,100,-583,1300 N - drop due to 1800 N wide/int
1504_003.5,11,1183,1200,600,1200,1300,17,-600,600,100,117,1300 N - drop due to 1800 N wide/int
1506_000.0,11,7390,7500,7400,7500,7600,110,-100,100,100,210,2300 N - drop due to 1800 N wide/int
1506_000.5,11,7390,7400,7300,11000,12000,10,-100,3700,1000,4610,2300 N - drop due to 1800 N wide/int
1506_001.0,11,7390,7400,7300,8300,9100,10,-100,1000,800,1710,2300 N - drop due to 1800 N wide/int
1506_001.6,11,7390,7400,7300,8300,9100,10,-100,1000,800,1710,2300 N - drop due to 1800 N wide/int
1506_002.1,11,7390,7400,7200,7300,7400,10,-200,100,100,10,2300 N - drop due to 1800 N wide/int
1506_003.1,11,5804,5900,5600,5700,5800,96,-300,100,100,-4,2300 N - drop due to 1800 N wide/int
1506_003.6,11,5804,5900,5200,5800,6000,96,-700,600,200,196,2300 N - drop due to 1800 N wide/int
1506_004.1,11,5804,6300,5500,5600,5800,496,-800,100,200,-4,2300 N - drop due to 1800 N wide/int
1508_000.0,11,4160,4300,1400,1500,1600,140,-2900,100,100,-2560,bypass in 2030 - use centroid connector
1508_000.7,11,4160,8000,10000,10500,11000,3840,2000,500,500,6840,
1508_000.8,57,3125,6900,8700,8700,9200,3775,1800,0,500,6075,
1508_001.2,57,3125,6500,8000,8100,8900,3375,1500,100,800,5775,
1512_000.0,11,4354,6500,7700,8800,10500,2146,1200,1100,1700,6146,
1826_013.7,49,1582,1600,1800,2000,2200,18,200,200,200,618,
1826_014.6,49,1754,2000,3000,6200,6500,246,1000,3200,300,4746,
1828_006.7,49,308,350,350,400,400,42,0,50,0,92,
2030_000.0,35,8682,12500,16000,21000,26500,3818,3500,5000,5500,17818,
2030_000.7,35,8682,12500,14500,19000,26000,3818,2000,4500,7000,17318,
2030_001.8,35,8682,11500,12500,16000,20500,2818,1000,3500,4500,11818,
2030_002.7,35,3157,4700,5500,7400,10000,1543,800,1900,2600,6843,
2030_004.6,35,3157,4700,5000,6200,6900,1543,300,1200,700,3743,
2030_005.1,35,9866,11500,13000,17000,18500,1634,1500,4000,1500,8634,
2030_006.5,35,9866,13000,14000,21000,22000,3134,1000,7000,1000,12134,
2030_007.7,35,9866,10500,11000,12000,12500,634,500,1000,500,2634,
2030_008.2,35,16730,17500,17500,18500,19000,770,0,1000,500,2270,
2030_008.7,35,16730,17000,17500,18000,19000,270,500,500,1000,2270,
2030_009.1,35,16730,17500,20000,24500,24500,770,2500,4500,0,7770,
2030_009.6,35,29104,31000,39000,44500,45000,1896,8000,5500,500,15896,
2030_010.0,35,29104,33000,35000,45500,49500,3896,2000,10500,4000,20396,
2030_010.2,35,29104,33000,34500,45500,49500,3896,1500,11000,4000,20396,
2030_010.8,35,29104,33000,34000,44000,47000,3896,1000,10000,3000,17896,
2031_000.0,35,2036,2700,3500,4800,5900,664,800,1300,1100,3864,
2031_002.2,35,2036,3800,5000,6900,7800,1764,1200,1900,900,5764,
2032_000.0,35,6248,6300,6400,6600,7500,52,100,200,900,1252,
2032_001.2,35,6093,6200,6600,8700,8800,107,400,2100,100,2707,
2032_001.6,35,5501,5600,7300,7400,7900,99,1700,100,500,2399,
2033_000.0,35,15305,16500,18500,20000,29000,1195,2000,1500,9000,13695,
2033_000.7,35,15305,16000,17500,18500,27000,695,1500,1000,8500,11695,
2034_000.0,35,13484,13500,14500,15000,15500,16,1000,500,500,2016,
2034_001.1,35,13484,16000,17500,22500,23500,2516,1500,5000,1000,10016,
2034_002.7,35,13484,14000,17000,18000,19000,516,3000,1000,1000,5516,
2034_003.2,35,13484,14000,19000,20000,21000,516,5000,1000,1000,7516,
2034_003.5,35,13484,14000,17000,17500,18500,516,3000,500,1000,5016,
2034_003.8,35,13484,14000,17000,18000,18500,516,3000,1000,500,5016,
2034_004.4,35,13484,14500,16500,17500,18000,1016,2000,1000,500,4516,
2035_001.6,35,31789,32500,34500,35000,35500,711,2000,500,500,3711,
2035_002.0,35,31789,32000,34500,36000,37500,211,2500,1500,1500,5711,
2035_002.5,35,31789,33000,35000,38000,41000,1211,2000,3000,3000,9211,
2035_003.0,35,31789,32500,34500,38000,41000,711,2000,3500,3000,9211,
2035_003.7,35,31789,33000,33500,37000,43000,1211,500,3500,6000,11211,
2035_004.1,35,31789,37500,68000,79000,88000,5711,30500,11000,9000,56211,
2035_004.3,35,31789,34500,59500,69500,73500,2711,25000,10000,4000,41711,
2035_004.9,35,31789,43500,65500,75500,83500,11711,22000,10000,8000,51711,
2035_005.2,35,10065,11500,13000,16000,16500,1435,1500,3000,500,6435,
2035_005.5,35,10065,11000,12000,15000,16000,935,1000,3000,1000,5935,
2035_006.5,35,10065,10500,11500,13000,13500,435,1000,1500,500,3435,
2036_000.0,35,17096,20000,21000,26500,29500,2904,1000,5500,3000,12404,
2036_001.2,35,17096,19000,19500,27500,30500,1904,500,8000,3000,13404,
2036_001.6,35,17096,19500,20000,22500,24500,2404,500,2500,2000,7404,
2036_002.2,35,17096,19500,20000,21500,23500,2404,500,1500,2000,6404,
2036_002.6,35,17096,21500,22000,23500,25000,4404,500,1500,1500,7904,
2037_000.0,35,549,700,850,1100,1400,151,150,250,300,851,
2038_000.0,35,4273,4700,2300,2800,2900,427,-2400,500,100,-1373,0
2038_000.9,35,3168,3300,1000,2600,3900,132,-2300,1600,1300,732,0
2039_000.0,35,4013,5200,6100,6500,6700,1187,900,400,200,2687,
2039_000.5,35,4013,4900,5500,5600,5800,887,600,100,200,1787,
2039_001.0,35,4013,4900,5600,5700,5900,887,700,100,200,1887,
2039_001.5,35,4013,4900,5200,5500,5800,887,300,300,300,1787,
2039_001.7,35,4013,4800,5600,6200,6400,787,800,600,200,2387,
2039_002.3,35,8463,9500,9700,9800,9900,1037,200,100,100,1437,
2039_002.8,35,8463,8700,8700,8900,9900,237,0,200,1000,1437,
2039_003.3,35,8463,8600,8700,8700,8900,137,100,0,200,437,
2039_004.3,35,8463,8800,9400,9400,9600,337,600,0,200,1137,
2040_000.0,35,7785,9100,6500,7500,9100,1315,-2600,1000,1600,1315,improved Bangerter Highway
2040_001.4,35,7785,10500,6300,7100,8900,2715,-4200,800,1800,1115,improved Bangerter Highway
2040_001.9,35,7785,10500,6400,7600,9400,2715,-4100,1200,1800,1615,improved Bangerter Highway
2040_002.1,35,5942,6800,6400,7000,7700,858,-400,600,700,1758,improved Bangerter Highway
2040_002.7,35,5942,6500,6300,7300,7900,558,-200,1000,600,1958,improved Bangerter Highway
2040_003.7,35,9108,9800,9200,9600,10000,692,-600,400,400,892,improved Bangerter Highway
2040_004.7,35,9108,9600,9200,9300,9600,492,-400,100,300,492,improved Bangerter Highway
2040_005.2,35,8132,8600,8200,8200,8700,468,-400,0,500,568,improved Bangerter Highway
2040_006.4,35,7787,9400,8200,8800,9600,1613,-1200,600,800,1813,improved Bangerter Highway
2040_007.2,35,7787,8100,8000,9300,12000,313,-100,1300,2700,4213,improved Bangerter Highway
2040_008.2,35,10338,11000,9500,9600,10500,662,-1500,100,900,162,improved Bangerter Highway
2040_008.7,35,10338,11500,9600,9700,11000,1162,-1900,100,1300,662,improved Bangerter Highway
2040_008.9,35,10338,11500,11000,12500,13000,1162,-500,1500,500,2662,improved Bangerter Highway
2040_009.6,35,7654,7400,7300,9500,10000,-254,-100,2200,500,2346,improved Bangerter Highway
2040_010.6,35,11059,10500,9600,9900,11000,-559,-900,300,1100,-59,improved Bangerter Highway
2040_011.6,35,13595,13500,10500,11000,12000,-95,-3000,500,1000,-1595,improved Bangerter Highway
2040_012.6,35,17480,16500,16000,19000,19500,-980,-500,3000,500,2020,improved Bangerter Highway
2040_013.6,35,18534,17000,16500,18500,18500,-1534,-500,2000,0,-34,improved Bangerter Highway
2040_014.6,35,18139,17500,16500,19500,20500,-639,-1000,3000,1000,2361,improved Bangerter Highway
2040_015.1,35,15930,15000,14500,18000,19500,-930,-500,3500,1500,3570,improved Bangerter Highway
2040_015.6,35,16252,16500,16000,18000,13500,248,-500,2000,-4500,-2752,"improved Bangerter Highway, I-215 added frontage Roads in 2050"
2040_016.1,35,10632,11500,9900,11500,8100,868,-1600,1600,-3400,-2532,improved Bangerter Highway
2040_016.7,35,7665,8000,7400,10500,11500,335,-600,3100,1000,3835,improved Bangerter Highway
2040_017.2,35,7665,8100,7300,9800,9800,435,-800,2500,0,2135,improved Bangerter Highway
2041_000.0,35,6172,7600,10500,12000,15500,1428,2900,1500,3500,9328,
2041_001.2,35,6172,6800,6800,7000,9100,628,0,200,2100,2928,
2041_001.6,35,3500,3700,4300,4700,5300,200,600,400,600,1800,
2042_000.0,35,509,600,650,650,700,91,50,0,50,191,
2043_000.0,35,509,550,600,600,650,41,50,0,50,141,
2044_000.1,35,0,0,0,0,11000,0,0,0,11000,11000,
2044_000.2,35,7522,8000,8400,8900,22000,478,400,500,13100,14478,
2044_000.4,35,7139,7500,10500,11500,15500,361,3000,1000,4000,8361,
2044_000.6,35,12916,13500,15000,15500,17500,584,1500,500,2000,4584,
2044_001.1,35,5492,5500,6300,6700,7100,8,800,400,400,1608,
2045_000.0,35,509,800,1000,1300,1700,291,200,300,400,1191,
2045_000.5,35,509,800,1000,1300,1700,291,200,300,400,1191,
2046_000.0,49,1018,5600,5400,7000,8100,4582,-200,1600,1100,7082,New Interchange in 2030
2046_001.4,49,1018,9900,3800,5300,6100,8882,-6100,1500,800,5082,"New connection to Traverse Mtn in 2024, New Interchange in 2030"
2046_002.0,49,1018,6900,3500,4500,4500,5882,-3400,1000,0,3482,"New connection to Traverse Mtn in 2024, New Interchange in 2030"
2046_002.3,35,1018,1800,2300,3500,6900,782,500,1200,3400,5882,
2046_004.7,35,1018,1400,2200,2800,3500,382,800,600,700,2482,
2047_000.0,35,500,600,850,1200,1400,100,250,350,200,900,
2047_000.7,35,500,550,600,650,700,50,50,50,50,200,
2048_000.0,35,3485,3800,5000,5700,6300,315,1200,700,600,2815,
2048_000.8,35,3485,3900,4300,4400,4800,415,400,100,400,1315,
2049_000.0,35,30630,31000,31500,32000,32500,370,500,500,500,1870,
2049_001.0,35,19423,19500,20000,20500,21000,77,500,500,500,1577,
2049_001.5,35,14027,15500,15500,16000,16500,1473,0,500,500,2473,
2049_002.0,35,8468,8900,9000,9100,9200,432,100,100,100,732,
2049_002.5,35,1112,1200,1300,3100,4400,88,100,1800,1300,3288,
2049_003.2,35,1112,1200,1300,19000,20500,88,100,17700,1500,19388,
2050_000.9,35,1018,2400,3500,7100,18500,1382,1100,3600,11400,17482,
2050_001.1,35,1018,6300,17000,28000,29000,5282,10700,11000,1000,27982,
2051_000.0,35,500,550,750,800,850,50,200,50,50,350,
2051_001.0,35,500,600,700,800,950,100,100,100,150,450,
2052_000.0,35,2233,2400,3700,5300,6800,167,1300,1600,1500,4567,
2052_000.9,35,2233,2700,2800,4000,4900,467,100,1200,900,2667,
2053_000.0,35,500,500,500,500,500,0,0,0,0,0,
2054_000.8,35,500,750,850,1100,1200,250,100,250,100,700,
2055_000.0,35,500,650,850,1400,2600,150,200,550,1200,2100,
2057_000.0,49,1000,8300,6000,10000,12500,7300,-2300,4000,2500,11500,New Interchange in 2030
2059_000.0,35,500,500,550,550,600,0,50,0,50,100,
2059_000.9,35,500,550,550,650,650,50,0,100,0,150,
2059_001.5,35,500,500,550,550,600,0,50,0,50,100,
2060_000.0,35,2797,4800,5400,6900,14000,2003,600,1500,7100,11203,
2060_000.4,35,2797,5100,5200,10500,16000,2303,100,5300,5500,13203,
2060_000.9,35,2797,5200,6800,14000,20000,2403,1600,7200,6000,17203,
2060_001.4,35,2797,5700,8100,12500,20000,2903,2400,4400,7500,17203,
2060_001.9,35,14300,17000,19000,26000,32500,2700,2000,7000,6500,18200,
2060_002.5,35,14300,15500,16000,21500,28000,1200,500,5500,6500,13700,
2060_002.8,35,18000,20500,21000,24500,27500,2500,500,3500,3000,9500,
2060_003.3,35,18835,21000,21500,25000,28500,2165,500,3500,3500,9665,
2060_003.8,35,18835,23000,24000,27500,30000,4165,1000,3500,2500,11165,
2060_004.0,35,23781,27500,28000,31500,34000,3719,500,3500,2500,10219,
2060_004.6,35,23781,28000,29500,33000,34500,4219,1500,3500,1500,10719,
2061_000.0,35,0,0,0,0,7200,0,0,0,7200,7200,
2061_000.2,35,10360,11000,11500,12000,13000,640,500,500,1000,2640,
2061_001.1,35,8112,8600,9000,9700,10000,488,400,700,300,1888,
2061_001.6,35,5103,5500,5600,5700,5800,397,100,100,100,697,
2062_000.0,35,28663,29500,30000,32000,33500,837,500,2000,1500,4837,
2062_000.5,35,25380,25500,26000,26500,28500,120,500,500,2000,3120,
2062_000.9,35,10051,10500,10500,11500,12500,449,0,1000,1000,2449,
2062_002.1,35,6519,6800,7000,7300,7700,281,200,300,400,1181,
2062_002.4,35,6519,6600,6700,6800,6900,81,100,100,100,381,
2063_000.0,35,1000,1000,1000,1200,1400,0,0,200,200,400,
2065_000.0,35,1000,1400,1400,1700,2400,400,0,300,700,1400,
2065_000.3,35,1000,1400,1500,1600,2300,400,100,100,700,1300,
2066_000.0,35,10248,12000,14500,17000,21000,1752,2500,2500,4000,10752,
2066_002.7,35,14061,14500,15000,15500,16000,439,500,500,500,1939,
2066_004.2,35,14061,14500,15000,15500,15500,439,500,500,0,1439,
2066_005.4,35,16440,16500,16500,17000,17000,60,0,500,0,560,
2066_006.1,35,16440,16500,17000,17000,17000,60,500,0,0,560,
2066_007.1,35,13247,13500,13500,13500,14000,253,0,0,500,753,
2066_008.6,35,7000,7000,7000,7900,8600,0,0,900,700,1600,
2066_009.6,35,12435,12500,12500,12500,13000,65,0,0,500,565,
2066_010.0,35,5328,5400,5500,5600,5600,72,100,100,0,272,
2066_010.6,35,5328,5400,5500,5600,5800,72,100,100,200,472,
2067_000.0,35,4158,4300,5300,6900,8300,142,1000,1600,1400,4142,
2067_000.2,35,4158,4300,12000,15500,18000,142,7700,3500,2500,13842,
2067_000.5,35,4158,5000,10000,11500,13000,842,5000,1500,1500,8842,
2067_000.7,35,4158,4800,9000,9600,11000,642,4200,600,1400,6842,
2067_001.3,35,4158,4400,7600,7800,8600,242,3200,200,800,4442,
2067_001.9,35,4158,4900,5900,6300,7100,742,1000,400,800,2942,
2067_002.4,35,4158,4200,4600,4700,4900,42,400,100,200,742,
2067_002.9,35,4158,4200,4200,4200,4300,42,0,0,100,142,
2067_003.4,35,4158,4200,4200,4400,4600,42,0,200,200,442,
2068_000.0,35,13154,14500,15000,15500,17000,1346,500,500,1500,3846,
2068_000.6,35,13154,14000,15000,15000,17000,846,1000,0,2000,3846,
2068_001.5,35,20641,21500,22000,21000,23500,859,500,-1000,2500,2859,new Highland Drive corridor in 2040
2068_001.8,35,13542,14000,15500,13500,15000,458,1500,-2000,1500,1458,new Highland Drive corridor in 2040
2068_002.9,35,21515,22000,23000,22500,23500,485,1000,-500,1000,1985,new Highland Drive corridor in 2040
2068_003.4,35,26824,27000,29000,28500,29000,176,2000,-500,500,2176,new Highland Drive corridor in 2040
2068_003.9,35,17512,18000,24500,18500,19000,488,6500,-6000,500,1488,new Highland Drive corridor in 2040
2068_004.4,35,15750,16000,22000,9900,10500,250,6000,-12100,600,-5250,new Highland Drive corridor in 2040
2068_005.4,35,24543,25000,28500,28000,30000,457,3500,-500,2000,5457,new Highland Drive corridor in 2040
2068_006.4,35,39141,39500,43500,43000,44000,359,4000,-500,1000,4859,new Highland Drive corridor in 2040
2068_007.5,35,34411,35000,41000,40500,41000,589,6000,-500,500,6589,new Highland Drive corridor in 2040
2068_008.1,35,44813,45500,46500,48000,48500,687,1000,1500,500,3687,
2068_008.5,35,22555,23000,23500,24000,24500,445,500,500,500,1945,
2068_009.1,35,26043,26500,28000,28500,29000,457,1500,500,500,2957,
2068_009.3,35,19700,20500,21500,22000,22500,800,1000,500,500,2800,
2068_009.7,35,21039,21500,22500,23000,23500,461,1000,500,500,2461,
2068_010.4,35,23907,24500,25500,26000,26500,593,1000,500,500,2593,
2071_001.8,35,5000,6300,12000,16000,19500,1300,5700,4000,3500,14500,
2071_002.1,35,5090,6600,12000,15000,18000,1510,5400,3000,3000,12910,
2071_002.8,35,5090,7200,13000,15500,18000,2110,5800,2500,2500,12910,
2071_003.3,35,5090,5500,10500,12500,15000,410,5000,2000,2500,9910,
2071_003.6,35,5090,5600,9900,11500,14000,510,4300,1600,2500,8910,
2071_004.4,35,32111,32500,38500,40000,43500,389,6000,1500,3500,11389,
2072_000.0,35,5201,5300,5400,5500,5600,99,100,100,100,399,
2072_000.1,35,12147,12500,12500,12500,13000,353,0,0,500,853,
2072_000.4,35,12147,12500,12500,12500,13000,353,0,0,500,853,
2072_000.5,35,12147,12500,12500,12500,13000,353,0,0,500,853,
2072_001.1,35,8323,8400,8400,8400,8500,77,0,0,100,177,
2073_000.0,35,1000,1800,2500,3800,5000,800,700,1300,1200,4000,
2073_000.4,35,1000,1800,2500,3800,5000,800,700,1300,1200,4000,
2074_000.0,35,15454,16000,16000,15000,15000,546,0,-1000,0,-454,0
2074_000.6,35,11388,11500,12500,12000,12500,112,1000,-500,500,1112,0
2074_002.6,35,11388,11500,13000,11500,13000,112,1500,-1500,1500,1612,0
2074_004.4,35,12138,13000,14500,13000,15500,862,1500,-1500,2500,3362,0
2076_000.0,35,16698,17000,17500,18000,18500,302,500,500,500,1802,
2076_000.4,35,13917,14000,14000,14500,15000,83,0,500,500,1083,
2076_001.0,35,12463,12500,13000,13000,13500,37,500,0,500,1037,
2076_001.9,35,21253,21500,22000,22000,22500,247,500,0,500,1247,
2076_002.8,35,18876,19000,19500,20000,20500,124,500,500,500,1624,
2076_003.0,35,20292,20500,21500,22000,22500,208,1000,500,500,2208,
2076_003.6,35,23231,23500,24000,25000,25500,269,500,1000,500,2269,
2076_003.7,35,31232,31500,32500,33500,34000,268,1000,1000,500,2768,
2076_004.2,35,58767,59000,60000,60000,60500,233,1000,0,500,1733,
2076_004.6,35,31725,32500,33000,33500,34500,775,500,500,1000,2775,
2076_005.1,35,22817,23500,24500,25000,26000,683,1000,500,1000,3183,
2076_005.7,35,23566,24000,24000,24000,24500,434,0,0,500,934,
2076_006.3,35,23566,24000,24000,24000,24500,434,0,0,500,934,
2076_006.4,35,22996,23500,23500,23500,24500,504,0,0,1000,1504,
2076_006.7,35,22996,23500,23500,23500,24500,504,0,0,1000,1504,
2076_006.9,35,18463,19000,19000,19000,20500,537,0,0,1500,2037,
2076_007.0,35,18463,19000,19000,19000,20000,537,0,0,1000,1537,
2076_007.2,35,18463,19000,20500,21500,22000,537,1500,1000,500,3537,
2076_007.3,35,5869,6000,7200,7400,8100,131,1200,200,700,2231,
2076_007.5,35,5869,5900,6000,6600,6900,31,100,600,300,1031,
2077_000.0,35,500,650,800,1000,1200,150,150,200,200,700,
2078_000.0,35,47698,55000,59000,66000,63500,7302,4000,7000,-2500,15802,new I-15 crossing in 2050
2078_000.1,35,47698,49000,49500,52000,48000,1302,500,2500,-4000,302,new I-15 crossing in 2050
2078_000.3,35,26514,27500,28000,29500,30500,986,500,1500,1000,3986,
2078_001.3,35,25303,25500,25500,26000,26500,197,0,500,500,1197,
2078_001.8,35,20653,21000,22500,23000,23500,347,1500,500,500,2847,
2078_002.3,35,14273,14500,15000,10000,10500,227,500,-5000,500,-3773,0
2078_002.8,35,6243,6700,6800,4500,4700,457,100,-2300,200,-1543,0
2079_000.0,35,500,550,800,900,1500,50,250,100,600,1000,
2079_000.9,35,500,750,1000,1200,1400,250,250,200,200,900,
2080_000.0,35,3309,4200,4600,5200,6000,891,400,600,800,2691,
2080_000.5,35,3309,4100,4500,4700,5300,791,400,200,600,1991,
2080_001.0,35,4871,5100,5600,5700,7900,229,500,100,2200,3029,
2080_001.5,35,4871,5300,5500,5600,7500,429,200,100,1900,2629,
2080_002.0,35,11202,11500,11500,11500,12000,298,0,0,500,798,
2080_002.5,35,10105,10500,11000,11500,12000,395,500,500,500,1895,
2080_003.0,35,10105,10500,11000,11500,12000,395,500,500,500,1895,
2080_003.9,35,15558,16500,17500,18000,19000,942,1000,500,1000,3442,
2080_004.2,35,15558,17500,23000,25000,18500,1942,5500,2000,-6500,2942,new I-15 ramps at 9400 S in 2050
2080_004.6,35,10715,11500,14500,15000,16000,785,3000,500,1000,5285,
2080_005.7,35,11219,11500,11500,11500,12000,281,0,0,500,781,
2080_006.9,35,14901,15500,16000,24500,25500,599,500,8500,1000,10599,
2080_007.6,35,14901,15000,15000,15000,15500,99,0,0,500,599,
2081_000.0,35,500,900,1300,1800,2300,400,400,500,500,1800,
2082_000.0,35,3483,7200,9600,26500,34000,3717,2400,16900,7500,30517,
2082_000.1,35,3483,7200,9400,26000,34000,3717,2200,16600,8000,30517,
2082_000.8,35,5159,6700,8200,18500,21500,1541,1500,10300,3000,16341,
2082_001.5,35,5159,6700,8100,18000,20500,1541,1400,9900,2500,15341,
2082_002.7,35,5159,6900,8700,18500,20500,1741,1800,9800,2000,15341,
2082_002.9,35,4944,5200,6600,18000,20500,256,1400,11400,2500,15556,
2082_005.0,35,9697,10000,10500,21500,23500,303,500,11000,2000,13803,
2082_008.5,35,10165,10500,11500,29000,30500,335,1000,17500,1500,20335,
2082_009.0,35,24466,24500,25500,34500,36000,34,1000,9000,1500,11534,
2082_009.6,35,9929,10000,11000,18500,20500,71,1000,7500,2000,10571,
2082_010.6,35,34174,34500,35500,42000,42500,326,1000,6500,500,8326,
2082_011.5,35,12210,12500,13000,19000,20000,290,500,6000,1000,7790,
2082_012.1,35,60063,60500,60500,64000,64500,437,0,3500,500,4437,
2083_000.0,35,1000,1100,1800,2000,2300,100,700,200,300,1300,
2083_000.8,35,1000,1100,1100,1300,1400,100,0,200,100,400,
2084_000.0,35,35152,35500,38000,39000,39000,348,2500,1000,0,3848,
2084_000.3,35,23156,23500,24000,25000,26500,344,500,1000,1500,3344,
2084_000.7,35,23156,24500,26000,26500,27000,1344,1500,500,500,3844,
2085_000.0,35,1000,1000,1000,1100,1100,0,0,100,0,100,
2085_001.2,35,1000,1300,1300,1400,1400,300,0,100,0,400,
2085_002.0,35,1000,1300,1300,1500,1600,300,0,200,100,600,
2085_003.0,35,1000,1900,2100,2600,2900,900,200,500,300,1900,
2085_003.4,35,1000,1200,1500,2100,2100,200,300,600,0,1100,
2085_003.9,35,1000,1100,1400,1700,1700,100,300,300,0,700,
2085_004.5,35,1000,1000,1100,1200,1200,0,100,100,0,200,
2085_005.5,35,1000,1100,1100,1100,1200,100,0,0,100,200,
2086_000.0,35,1443,2100,2100,2300,2500,657,0,200,200,1057,
2086_001.0,35,15132,15500,15500,15500,16500,368,0,0,1000,1368,
2086_001.5,35,15132,15500,15500,15500,16000,368,0,0,500,868,
2086_002.0,35,3028,3400,3600,4200,4400,372,200,600,200,1372,
2087_000.0,35,5574,6300,12000,12000,14000,726,5700,0,2000,8426,
2087_000.9,35,8472,10000,11500,13000,14500,1528,1500,1500,1500,6028,
2087_001.7,35,8472,9900,11000,12000,16500,1428,1100,1000,4500,8028,
2088_000.0,35,1670,1700,1800,1900,2000,30,100,100,100,330,
2088_000.5,35,1670,1800,1900,2100,2300,130,100,200,200,630,
2089_000.0,35,500,500,550,550,600,0,50,0,50,100,
2089_000.9,35,500,500,550,550,600,0,50,0,50,100,
2089_001.2,35,500,500,550,550,600,0,50,0,50,100,
2090_000.0,35,500,500,1400,2400,3000,0,900,1000,600,2500,
2090_000.7,35,500,550,2000,2700,2800,50,1450,700,100,2300,
2090_001.0,35,500,550,800,1400,1500,50,250,600,100,1000,
2091_000.4,35,1000,1000,1100,1200,1700,0,100,100,500,700,
2091_001.2,35,1000,1100,1400,1500,1800,100,300,100,300,800,
2092_000.0,35,13218,13500,14500,14500,14500,282,1000,0,0,1282,
2092_001.0,35,12862,13000,13000,13000,13500,138,0,0,500,638,
2092_001.5,35,12862,13000,13000,13500,14000,138,0,500,500,1138,
2092_002.0,35,11406,11500,14000,14500,15000,94,2500,500,500,3594,
2093_000.0,35,14438,15000,19000,19500,20000,562,4000,500,500,5562,
2093_001.2,35,16236,17000,18500,19000,19500,764,1500,500,500,3264,
2093_002.4,35,17396,19500,21500,24000,24500,2104,2000,2500,500,7104,
2093_003.2,35,19046,20000,21500,22500,23000,954,1500,1000,500,3954,
2093_004.5,35,6790,7200,7500,7800,9100,410,300,300,1300,2310,
2093_005.3,35,0,4400,5100,7700,8800,4400,700,2600,1100,8800,
2093_006.3,35,10946,11000,11500,13500,15000,54,500,2000,1500,4054,
2093_007.1,35,10946,11000,11500,12500,13500,54,500,1000,1000,2554,
2094_000.0,35,2241,2500,1700,1800,1900,259,-800,100,100,-341,improved Bangerter Highway in 2030
2094_000.5,35,2241,2500,1300,1700,2100,259,-1200,400,400,-141,improved Bangerter Highway in 2030
2094_001.8,35,12695,13000,12000,12500,13000,305,-1000,500,500,305,improved Bangerter Highway in 2030
2094_002.5,35,12695,13000,10500,11000,11500,305,-2500,500,500,-1195,improved Bangerter Highway in 2030
2094_003.5,35,15589,16000,14500,15500,16000,411,-1500,1000,500,411,improved Bangerter Highway in 2030
2094_004.0,35,15589,16000,15500,16000,17000,411,-500,500,1000,1411,improved Bangerter Highway in 2030
2094_005.0,35,7578,7700,6600,6800,6900,122,-1100,200,100,-678,improved Bangerter Highway in 2030
2094_006.0,35,9362,10000,9500,9900,10000,638,-500,400,100,638,improved Bangerter Highway in 2030
2094_007.0,35,14705,15000,13000,13500,14000,295,-2000,500,500,-705,improved Bangerter Highway in 2030
2094_008.0,35,9891,10000,9600,10000,10500,109,-400,400,500,609,improved Bangerter Highway in 2024 and 2030
2094_009.0,35,9408,9600,8900,8900,9500,192,-700,0,600,92,improved Bangerter Highway in 2030
2094_010.0,35,12337,13000,12000,12500,12500,663,-1000,500,0,163,improved Bangerter Highway in 2030 and 2040
2094_011.0,35,11260,12000,11000,11500,11500,740,-1000,500,0,240,improvements on I-215 in 2050
2094_011.5,35,13134,13500,12000,12500,13000,366,-1500,500,500,-134,improved Bangerter Highway in 2030
2094_012.1,35,24771,25000,24000,24500,24500,229,-1000,500,0,-271,improved Bangerter Highway in 2030
2094_012.6,35,24771,25000,23500,23500,21000,229,-1500,0,-2500,-3771,improved Bangerter Highway in 2030 and I-215 in 2050
2094_013.1,35,9379,9500,9000,9400,11500,121,-500,400,2100,2121,smoothing
2095_000.0,35,500,550,600,650,750,50,50,50,100,250,
2095_001.1,35,1000,1100,1100,1100,1400,100,0,0,300,400,
2097_000.0,35,1000,1000,1100,1100,1200,0,100,0,100,200,
2098_000.0,35,2720,3700,4900,7100,22000,980,1200,2200,14900,19280,
2098_000.4,35,10242,12500,15000,18000,23000,2258,2500,3000,5000,12758,
2098_001.4,35,20415,20500,20500,20500,22500,85,0,0,2000,2085,
2101_000.0,35,500,600,1300,1900,2900,100,700,600,1000,2400,
2102_000.0,35,12412,12500,12500,13500,14000,88,0,1000,500,1588,
2102_000.4,35,12412,12500,13000,13500,14000,88,500,500,500,1588,
2102_000.6,35,12412,12500,13000,13500,13500,88,500,500,0,1088,
2102_001.1,35,12105,12500,12500,13000,13000,395,0,500,0,895,
2102_001.4,35,12105,12500,12500,13000,13000,395,0,500,0,895,
2102_002.0,35,12105,12500,12500,12500,12500,395,0,0,0,395,
2102_002.3,35,8664,8700,8900,9000,9100,36,200,100,100,436,
2102_003.0,35,5862,5900,6000,6100,6700,38,100,100,600,838,
2103_000.0,35,500,700,1000,1300,1700,200,300,300,400,1200,
2103_001.0,35,500,700,1000,1300,1700,200,300,300,400,1200,
2104_000.0,35,17274,17500,18000,18500,19000,226,500,500,500,1726,
2104_000.8,35,17274,17500,18000,18500,19500,226,500,500,1000,2226,
2104_001.2,35,19705,21000,24000,26000,27500,1295,3000,2000,1500,7795,
2104_001.7,35,24789,25500,27500,28500,29500,711,2000,1000,1000,4711,
2104_002.2,35,25773,26500,30500,32000,32500,727,4000,1500,500,6727,
2104_002.7,35,25773,26500,30000,31500,32000,727,3500,1500,500,6227,
2105_000.0,35,25944,26000,26500,27500,31000,56,500,1000,3500,5056,
2105_000.5,35,25944,26000,26500,29500,32500,56,500,3000,3000,6556,
2105_001.2,35,25944,26000,26500,27000,28500,56,500,500,1500,2556,
2105_001.4,35,26405,26500,29000,30000,32500,95,2500,1000,2500,6095,
2107_001.0,35,6672,7200,10500,11000,11500,528,3300,500,500,4828,
2107_001.5,35,6672,7400,7700,8500,8800,728,300,800,300,2128,
2107_002.8,35,6672,7600,7800,8300,9100,928,200,500,800,2428,
2107_003.0,35,6672,8200,8500,8600,9000,1528,300,100,400,2328,
2107_003.5,35,6672,7300,7500,7700,7900,628,200,200,200,1228,
2107_004.5,35,6672,8300,9700,9800,11500,1628,1400,100,1700,4828,
2107_004.7,35,6672,9400,9600,10000,11000,2728,200,400,1000,4328,
2108_000.0,35,6830,6900,7000,9300,10500,70,100,2300,1200,3670,
2108_000.7,35,6830,6900,7000,7700,8700,70,100,700,1000,1870,
2108_001.3,35,6830,7400,7500,11000,13000,570,100,3500,2000,6170,
2111_000.0,35,500,800,1000,1300,1700,300,200,300,400,1200,
2113_000.0,35,2233,2400,2600,2700,2800,167,200,100,100,567,
2113_001.6,35,1000,1500,1700,2000,2500,500,200,300,500,1500,
2114_000.0,35,9281,9500,9900,14000,16500,219,400,4100,2500,7219,
2114_000.1,35,20400,20500,21000,21500,22500,100,500,500,1000,2100,
2114_000.7,35,20400,20500,21000,21500,22500,100,500,500,1000,2100,
2115_000.0,35,500,550,600,650,700,50,50,50,50,200,
2115_000.4,35,500,550,600,650,700,50,50,50,50,200,
2116_000.0,35,23525,24000,24500,25000,26500,475,500,500,1500,2975,
2116_001.0,35,23525,24000,24000,24500,25500,475,0,500,1000,1975,
2116_001.3,35,39135,39500,39500,40500,41500,365,0,1000,1000,2365,
2116_001.7,35,31767,32000,32000,33000,33500,233,0,1000,500,1733,
2116_002.0,35,21998,22000,22000,22000,22500,2,0,0,500,502,
2116_003.1,35,32002,32500,32500,33000,34000,498,0,500,1000,1998,
2116_003.6,35,18165,18500,18500,19000,20500,335,0,500,1500,2335,
2116_004.5,35,10493,11000,11500,12000,13500,507,500,500,1500,3007,
2117_000.0,35,1000,1100,1200,1200,1300,100,100,0,100,300,
2117_001.1,35,1000,1100,1500,1500,1700,100,400,0,200,700,
2118_000.0,35,14570,15000,16500,17000,17000,430,1500,500,0,2430,
2118_000.3,35,9720,10000,10000,11500,12500,280,0,1500,1000,2780,
2118_000.7,35,11463,11500,11500,13000,13500,37,0,1500,500,2037,
2118_001.5,35,13245,13500,13500,14000,14000,255,0,500,0,755,
2118_002.3,35,8659,9300,9500,10000,10000,641,200,500,0,1341,
2118_003.0,35,9721,9900,9900,10000,10500,179,0,100,500,779,
2118_003.4,35,12749,13000,13500,14000,14000,251,500,500,0,1251,
2118_003.9,35,13147,13500,13500,14000,15000,353,0,500,1000,1853,
2118_004.8,35,15089,15500,15500,16000,16500,411,0,500,500,1411,
2119_000.0,35,500,600,650,800,950,100,50,150,150,450,
2120_000.0,35,20189,20500,21500,22500,22500,311,1000,1000,0,2311,
2120_001.0,35,39797,40000,40500,41500,42000,203,500,1000,500,2203,
2120_001.7,35,39797,40000,41000,41500,44000,203,1000,500,2500,4203,
2120_002.0,35,33686,34000,34500,38000,39500,314,500,3500,1500,5814,
2120_002.5,35,26673,28000,29500,30500,33000,1327,1500,1000,2500,6327,
2120_003.0,35,26176,26500,27000,32000,33500,324,500,5000,1500,7324,
2120_003.5,35,24805,25500,26000,30500,32000,695,500,4500,1500,7195,
2120_004.0,35,24805,25000,25500,29500,30500,195,500,4000,1000,5695,
2121_000.0,35,500,500,500,600,650,0,0,100,50,150,
2122_000.0,35,6884,7200,7500,8200,8400,316,300,700,200,1516,
2122_000.5,35,6884,7100,7600,7900,8400,216,500,300,500,1516,
2122_000.9,35,14739,15000,15500,16000,17000,261,500,500,1000,2261,
2122_001.2,35,13574,14000,15000,16000,16500,426,1000,1000,500,2926,
2122_001.8,35,9003,9100,9500,10000,10500,97,400,500,500,1497,
2122_002.1,35,7305,7400,7500,7900,8000,95,100,400,100,695,
2123_000.0,35,2241,2400,2600,2800,3500,159,200,200,700,1259,
2123_000.5,35,2241,2500,2600,3000,3600,259,100,400,600,1359,
2123_001.0,35,10282,12500,14500,14500,17000,2218,2000,0,2500,6718,
2123_002.0,35,16076,18000,19000,19500,22000,1924,1000,500,2500,5924,
2123_002.5,35,16076,18000,18500,19000,20500,1924,500,500,1500,4424,
2124_000.0,35,11999,12000,12500,13000,13500,1,500,500,500,1501,
2124_001.0,35,11549,12000,12000,12000,13000,451,0,0,1000,1451,
2124_001.6,35,11549,12000,12000,12000,12500,451,0,0,500,951,
2124_002.1,35,26694,27500,30000,30500,33000,806,2500,500,2500,6306,
2124_002.4,35,22114,22500,22500,23000,24000,386,0,500,1000,1886,
2124_003.0,35,17220,17500,17500,18000,18500,280,0,500,500,1280,
2124_003.3,35,19751,20000,21000,21500,22500,249,1000,500,1000,2749,
2124_003.5,35,12604,13500,14000,14000,14500,896,500,0,500,1896,
2125_000.0,35,500,550,550,600,600,50,0,50,0,100,
2126_000.0,35,12268,12500,13000,13500,14500,232,500,500,1000,2232,
2126_000.7,35,12268,12500,13000,13000,13500,232,500,0,500,1232,
2128_000.0,35,5134,5400,5600,6000,6200,266,200,400,200,1066,
2128_000.8,35,4234,4800,4900,5300,6000,566,100,400,700,1766,
2128_001.7,35,4710,4900,5400,5500,6300,190,500,100,800,1590,
2128_002.2,35,7984,8100,8400,8800,8900,116,300,400,100,916,
2128_003.2,35,6322,6600,6700,7300,7500,278,100,600,200,1178,
2128_004.2,35,16419,16500,17500,18000,19000,81,1000,500,1000,2581,
2128_005.0,35,14406,15000,16500,17000,18000,594,1500,500,1000,3594,
2128_005.9,35,15980,17000,18500,19500,20500,1020,1500,1000,1000,4520,
2128_006.5,35,18586,19500,21000,22500,24500,914,1500,1500,2000,5914,
2128_007.1,35,17986,20000,21500,24000,26000,2014,1500,2500,2000,8014,
2128_007.6,35,17986,20000,21500,23000,26000,2014,1500,1500,3000,8014,
2128_007.8,35,17192,17500,18500,19000,19500,308,1000,500,500,2308,
2128_007.9,35,17192,18500,19000,19500,20500,1308,500,500,1000,3308,
2128_008.1,35,28045,28500,30000,32500,34000,455,1500,2500,1500,5955,
2128_008.2,35,27028,27500,28000,30000,30500,472,500,2000,500,3472,
2129_000.0,35,500,650,750,950,1100,150,100,200,150,600,
2130_000.0,35,11715,12000,12500,13000,13500,285,500,500,500,1785,
2130_000.8,35,15308,15500,16500,17000,17500,192,1000,500,500,2192,
2130_001.3,35,4569,4700,5600,5800,6100,131,900,200,300,1531,
2131_000.0,35,500,700,900,1200,1500,200,200,300,300,1000,
2133_000.0,35,500,650,750,950,1200,150,100,200,250,700,
2135_000.0,35,12420,13000,13500,14000,14500,580,500,500,500,2080,
2135_001.0,35,12420,13000,13500,14000,14500,580,500,500,500,2080,
2136_000.0,35,9337,9400,9500,9600,10500,63,100,100,900,1163,
2138_000.0,35,7753,8000,8700,9400,10000,247,700,700,600,2247,
2140_000.0,35,2233,2700,2800,3500,3800,467,100,700,300,1567,
2140_000.8,35,2233,2400,3000,3400,3700,167,600,400,300,1467,
2140_001.5,35,2233,2300,2700,3100,3500,67,400,400,400,1267,
2140_002.7,35,2233,3200,3500,4200,5300,967,300,700,1100,3067,
2140_003.1,35,2233,3600,3900,4500,5700,1367,300,600,1200,3467,
2140_003.3,35,8102,8300,8900,9300,9700,198,600,400,400,1598,
2141_000.0,35,500,800,1100,1500,1900,300,300,400,400,1400,
2141_000.2,35,500,800,1100,1500,1900,300,300,400,400,1400,
2141_000.7,35,500,800,1100,1500,1900,300,300,400,400,1400,
2142_000.0,35,9382,9700,9800,9900,10000,318,100,100,100,618,
2142_000.3,35,9382,9400,9600,9700,9800,18,200,100,100,418,
2142_001.7,35,10509,11000,11500,11500,12000,491,500,0,500,1491,
2142_002.1,35,10509,11000,11500,12000,12500,491,500,500,500,1991,
2142_002.5,35,10509,11000,11000,11500,12000,491,0,500,500,1491,
2142_002.7,35,8167,8600,8900,9200,9500,433,300,300,300,1333,
2143_000.1,35,0,350,450,550,650,350,100,100,100,650,
2143_000.2,35,115,200,300,400,450,85,100,100,50,335,
2144_000.0,35,11879,12000,12000,12000,12500,121,0,0,500,621,
2144_000.4,35,9592,9600,10000,10000,10500,8,400,0,500,908,
2144_001.3,35,27726,28000,28500,28500,29000,274,500,0,500,1274,
2145_000.0,35,500,550,600,650,900,50,50,50,250,400,
2146_000.0,35,1123,1400,1800,2300,2800,277,400,500,500,1677,
2146_000.2,35,1123,1200,1600,2000,2400,77,400,400,400,1277,
2147_000.0,35,500,500,550,550,600,0,50,0,50,100,
2148_000.0,35,2986,3300,3500,4200,4300,314,200,700,100,1314,
2148_000.2,35,2986,3300,3700,4600,4800,314,400,900,200,1814,
2148_000.3,35,8628,9200,9800,10500,11000,572,600,700,500,2372,
2148_001.1,35,8383,8400,8800,9300,9600,17,400,500,300,1217,
2148_002.0,35,10408,11000,11500,12500,13000,592,500,1000,500,2592,
2148_002.9,35,9765,10000,11500,12000,12500,235,1500,500,500,2735,
2148_003.8,35,10412,11000,12500,13000,13500,588,1500,500,500,3088,
2148_004.3,35,10658,11000,12500,13000,13500,342,1500,500,500,2842,
2148_004.9,35,12138,12500,14000,14500,15000,362,1500,500,500,2862,
2148_005.5,35,12138,13000,13500,14000,14500,862,500,500,500,2362,
2148_005.6,35,7283,8100,8500,9800,11000,817,400,1300,1200,3717,
2148_005.8,35,7283,7800,8300,8900,15000,517,500,600,6100,7717,
2148_005.9,35,7283,7500,7700,8200,8500,217,200,500,300,1217,
2148_006.1,35,7283,7400,7500,7600,7900,117,100,100,300,617,
2148_006.2,35,8516,9000,9100,9600,9700,484,100,500,100,1184,
2148_006.4,35,8516,8700,9100,9200,9300,184,400,100,100,784,
2148_006.5,35,8516,8900,9000,9300,9400,384,100,300,100,884,
2148_006.7,35,8516,8600,8600,8600,9100,84,0,0,500,584,
2148_006.8,35,14352,14500,15500,16000,16500,148,1000,500,500,2148,
2148_007.0,35,14352,15000,15000,15500,16000,648,0,500,500,1648,
2149_000.7,35,0,0,17500,20000,20500,0,17500,2500,500,20500,
2149_000.8,35,1018,4500,30500,36500,37000,3482,26000,6000,500,35982,
2149_001.1,35,1018,2400,10500,12000,14000,1382,8100,1500,2000,12982,
2149_001.6,35,1018,1700,4500,5300,6400,682,2800,800,1100,5382,
2150_000.0,35,1117,4200,6700,7500,15000,3083,2500,800,7500,13883,
2150_000.8,35,1117,2400,3300,4700,6000,1283,900,1400,1300,4883,
2150_001.5,35,1117,1200,1300,3200,4600,83,100,1900,1400,3483,
2151_000.0,35,3316,3500,3600,3600,3800,184,100,0,200,484,
2151_001.0,35,1112,1200,1300,1700,2600,88,100,400,900,1488,
2151_001.5,35,1112,1300,1600,2100,3500,188,300,500,1400,2388,
2151_001.8,35,1112,1300,1500,2100,4200,188,200,600,2100,3088,
2151_002.2,35,1112,1300,1600,2700,4800,188,300,1100,2100,3688,
2153_001.4,35,1112,2300,6000,7000,8000,1188,3700,1000,1000,6888,
2153_002.1,35,1112,1600,4100,5000,5600,488,2500,900,600,4488,
2153_003.0,35,1112,1200,1500,1600,1900,88,300,100,300,788,
2153_004.0,35,17996,18500,17000,17500,18000,504,-1500,500,500,4,follow historic
2153_004.4,35,1112,5100,1500,2500,2700,3988,-3600,1000,200,1588,new parallel n/s facility in 2030
2153_005.0,35,1112,6400,1900,3700,4300,5288,-4500,1800,600,3188,new parallel n/s facility in 2030
2153_005.7,35,1112,7300,1900,5100,6800,6188,-5400,3200,1700,5688,new parallel n/s facility in 2030
2154_000.0,35,435,700,900,1000,1200,265,200,100,200,765,
2154_001.2,35,435,1000,1700,2700,3200,565,700,1000,500,2765,
2154_002.2,35,435,500,550,600,650,65,50,50,50,215,
2154_003.2,35,435,450,500,550,600,15,50,50,50,165,
2154_003.7,35,435,450,500,550,600,15,50,50,50,165,
2155_000.0,35,500,550,600,1000,1100,50,50,400,100,600,
2155_001.0,35,500,750,1000,1300,2000,250,250,300,700,1500,
2156_000.0,35,1112,1200,1300,1400,1500,88,100,100,100,388,
2156_000.7,35,6762,7700,8200,8300,8500,938,500,100,200,1738,
2156_001.3,35,6762,6800,5000,5200,5500,38,-1800,200,300,-1262,Bangerter 2030 improvements
2156_002.0,35,6762,7900,6700,7000,7300,1138,-1200,300,300,538,Bangerter 2030 improvements
2156_002.3,35,6762,8000,6800,7300,7700,1238,-1200,500,400,938,Bangerter 2030 improvements
2156_003.1,35,6762,8100,6500,7300,8100,1338,-1600,800,800,1338,Bangerter 2030 improvements
2156_003.4,35,2233,3000,2800,3200,3500,767,-200,400,300,1267,Bangerter 2030 improvements
2156_003.9,35,2233,2300,1500,2000,2100,67,-800,500,100,-133,Bangerter 2030 improvements
2156_004.9,35,2233,3000,2800,4000,5200,767,-200,1200,1200,2967,Bangerter 2030 improvements
2156_005.4,35,12885,13000,12500,12500,14000,115,-500,0,1500,1115,Bangerter 2030 improvements
2156_006.4,35,12885,13000,12500,13000,14500,115,-500,500,1500,1615,Bangerter 2030 improvements
2156_006.9,35,12885,13000,12500,12000,13500,115,-500,-500,1500,615,Bangerter 2030 improvements
2156_007.4,35,14439,15000,14500,13500,14000,561,-500,-1000,500,-439,MVC and Bangerter improvements
2156_008.4,35,5646,6100,5700,5400,5600,454,-400,-300,200,-46,MVC and Bangerter improvements
2156_008.7,35,5646,5700,5000,4700,4900,54,-700,-300,200,-746,MVC and Bangerter improvements
2156_009.6,35,10297,10500,10000,10500,11000,203,-500,500,500,703,MVC and Bangerter improvements
2156_010.6,35,11709,12000,10000,10500,11000,291,-2000,500,500,-709,MVC and Bangerter improvements
2156_011.6,35,11681,12500,12500,13000,14000,819,0,500,1000,2319,
2156_012.1,35,9885,10000,10500,11000,11000,115,500,500,0,1115,
2157_000.0,35,500,550,550,600,600,50,0,50,0,100,
2157_001.0,35,500,550,550,600,600,50,0,50,0,100,
2157_001.5,35,500,550,550,600,600,50,0,50,0,100,
2158_000.0,35,11649,12000,12000,12500,13500,351,0,500,1000,1851,
2158_000.5,35,9618,9900,10000,10500,11500,282,100,500,1000,1882,
2159_002.5,35,1112,1600,4000,6300,10500,488,2400,2300,4200,9388,
2159_003.1,35,1112,1800,3900,6500,9900,688,2100,2600,3400,8788,
2159_003.6,35,1112,1800,2400,3700,5800,688,600,1300,2100,4688,
2160_000.0,35,3000,3200,3300,3400,3600,200,100,100,200,600,
2160_001.0,35,3000,3000,3100,3300,3400,0,100,200,100,400,
2160_001.2,35,3000,3100,3200,3200,3300,100,100,0,100,300,
2160_002.0,35,3000,3100,3200,3200,3300,100,100,0,100,300,
2160_003.1,35,3000,3100,3400,3600,4500,100,300,200,900,1500,
2160_004.1,35,3000,3100,3700,4400,4600,100,600,700,200,1600,
2161_000.0,35,1112,1600,3000,3400,3500,488,1400,400,100,2388,
2161_001.0,35,2224,3100,7600,8200,9800,876,4500,600,1600,7576,
2161_001.5,35,2224,2500,7000,9300,13500,276,4500,2300,4200,11276,
2161_001.9,35,8017,6100,9700,11000,14500,-1917,3600,1300,3500,6483,2024 realignment
2161_002.6,35,26632,22500,26000,26500,28500,-4132,3500,500,2000,1868,2024 realignment
2161_003.2,35,26000,13500,16500,17500,19500,-12500,3000,1000,2000,-6500,2024 realignment
2161_003.8,35,45753,47000,52000,54500,55000,1247,5000,2500,500,9247,
2162_000.0,35,3335,5200,9000,11500,13000,1865,3800,2500,1500,9665,
2162_000.4,35,11895,13500,19500,22000,23500,1605,6000,2500,1500,11605,
2162_000.6,35,11673,12000,14000,16000,19500,327,2000,2000,3500,7827,
2162_001.1,35,9797,10500,11500,13000,19500,703,1000,1500,6500,9703,
2162_001.6,35,10873,11000,11500,12000,12500,127,500,500,500,1627,
2162_002.4,35,12315,12500,13000,13000,14000,185,500,0,1000,1685,
2163_000.0,35,500,800,1200,1400,1500,300,400,200,100,1000,
2164_000.0,35,8396,8800,9200,9600,9900,404,400,400,300,1504,
2164_001.0,35,7101,7200,7900,8300,8400,99,700,400,100,1299,
2164_002.0,35,9862,10000,10000,10500,10500,138,0,500,0,638,
2164_003.0,35,9737,9900,10500,11000,11500,163,600,500,500,1763,
2164_003.5,35,8572,9100,10000,11000,11500,528,900,1000,500,2928,
2164_004.0,35,6384,6400,6500,6700,6700,16,100,200,0,316,
2165_000.5,35,2233,3100,4100,5400,7100,867,1000,1300,1700,4867,
2165_000.9,35,2233,2600,2800,2900,3200,367,200,100,300,967,
2165_001.5,35,2233,2700,2800,3100,3500,467,100,300,400,1267,
2165_002.1,35,2233,2300,2300,2500,2500,67,0,200,0,267,
2166_000.0,35,9041,9100,9100,9500,9500,59,0,400,0,459,
2167_000.0,35,0,900,900,1700,5800,900,0,800,4100,5800,
2167_000.2,35,556,650,800,1300,1400,94,150,500,100,844,
2168_000.0,35,6780,7000,7200,7700,7700,220,200,500,0,920,
2168_000.8,35,6780,6800,7000,7300,7200,20,200,300,-100,420,0
2168_001.0,35,6205,6800,6300,6700,6000,595,-500,400,-700,-205,0
2168_002.1,35,12524,14000,13000,13500,9500,1476,-1000,500,-4000,-3024,0
2168_002.6,35,9035,9100,8800,9000,6700,65,-300,200,-2300,-2335,0
2169_000.0,35,1112,1200,2000,2900,3000,88,800,900,100,1888,
2169_000.5,35,556,4700,5200,5300,5600,4144,500,100,300,5044,
2172_000.0,35,5004,5200,5300,5400,5400,196,100,100,0,396,
2172_000.5,35,7087,7500,7500,7500,7600,413,0,0,100,513,
2172_001.5,35,12799,13000,13500,13500,14000,201,500,0,500,1201,
2172_002.5,35,20193,21000,21500,21500,22000,807,500,0,500,1807,
2172_003.2,35,20193,12500,12500,14500,16500,-7693,0,2000,2000,-3693,0
2172_003.5,35,23321,18500,19500,20500,22000,-4821,1000,1000,1500,-1321,0
2172_003.8,35,23321,18000,19500,20000,21500,-5321,1500,500,1500,-1821,0
2172_004.0,35,23321,18500,20000,20500,21500,-4821,1500,500,1000,-1821,0
2172_004.5,35,24907,20000,20500,20500,21500,-4907,500,0,1000,-3407,0
2172_004.9,35,24907,19500,20500,20500,21000,-5407,1000,0,500,-3907,0
2172_005.0,35,24907,20000,21000,21000,21500,-4907,1000,0,500,-3407,0
2172_005.5,35,33898,29000,31000,31500,32000,-4898,2000,500,500,-1898,0
2172_005.8,35,32190,34500,36500,38500,40000,2310,2000,2000,1500,7810,
2172_006.0,35,32190,34000,35000,36500,38000,1810,1000,1500,1500,5810,
2172_006.5,35,29406,31000,31500,33000,35000,1594,500,1500,2000,5594,
2172_007.0,35,28890,29000,30500,32000,33500,110,1500,1500,1500,4610,
2172_007.5,35,28890,29500,31000,33000,34000,610,1500,2000,1000,5110,
2172_008.0,35,30659,31500,33500,34500,35500,841,2000,1000,1000,4841,
2172_008.5,35,30659,31500,33500,34500,35500,841,2000,1000,1000,4841,
2172_009.5,35,28456,29500,31500,33000,34000,1044,2000,1500,1000,5544,
2172_009.8,35,28456,29500,31500,33000,34500,1044,2000,1500,1500,6044,
2172_009.9,35,28456,29500,31500,33000,34500,1044,2000,1500,1500,6044,
2172_010.0,35,28456,30000,32000,33500,35000,1544,2000,1500,1500,6544,
2172_010.2,35,24407,25500,28000,29500,31000,1093,2500,1500,1500,6593,
2172_010.4,35,24407,25500,27500,29000,30000,1093,2000,1500,1000,5593,
2172_010.5,35,24407,25000,27000,28000,29500,593,2000,1000,1500,5093,
2172_010.7,35,26604,27000,29500,30500,31500,396,2500,1000,1000,4896,
2172_011.0,35,26604,27000,29000,30500,31000,396,2000,1500,500,4396,
2172_011.3,35,26604,27500,29500,30500,31000,896,2000,1000,500,4396,
2172_011.6,35,25211,26000,26000,26500,27000,789,0,500,500,1789,
2172_011.9,35,25057,25500,26000,26500,26500,443,500,500,0,1443,
2172_012.2,35,25057,25500,25500,26000,26500,443,0,500,500,1443,
2172_012.5,35,19338,20000,20000,20500,21500,662,0,500,1000,2162,
2172_013.0,35,15833,16500,16500,17000,17500,667,0,500,500,1667,
2172_013.5,35,15833,16000,16000,16000,16000,167,0,0,0,167,
2172_014.0,35,14414,14500,14500,14500,15000,86,0,0,500,586,
2172_014.5,35,11836,12000,12000,12000,12000,164,0,0,0,164,
2172_015.4,35,11836,12000,12000,12500,12500,164,0,500,0,664,
2173_000.0,35,1000,1400,2200,2800,3500,400,800,600,700,2500,
2173_000.5,35,1000,1000,1000,1100,1100,0,0,100,0,100,
2173_001.1,35,1000,1100,1500,1900,2100,100,400,400,200,1100,
2174_000.0,35,10160,10500,10500,11000,11000,340,0,500,0,840,
2174_000.2,35,10160,10500,11000,11000,11000,340,500,0,0,840,
2174_000.2,35,10160,10500,11000,11000,11000,340,500,0,0,840,
2174_000.6,35,4092,4100,4100,4100,4100,8,0,0,0,8,
2175_000.0,35,500,650,800,1000,1200,150,150,200,200,700,
2175_001.0,35,500,650,800,1000,1200,150,150,200,200,700,
2176_000.0,35,7368,7500,8000,8500,8900,132,500,500,400,1532,
2176_000.9,35,7385,7600,8200,8800,8900,215,600,600,100,1515,
2176_001.8,35,5804,6100,6900,7100,7600,296,800,200,500,1796,
2176_002.3,35,5013,5600,6500,7100,7400,587,900,600,300,2387,
2176_002.9,35,5844,6600,7200,7600,8800,756,600,400,1200,2956,
2177_000.0,35,500,550,550,600,600,50,0,50,0,100,
2178_000.0,35,7982,8300,8400,8500,8700,318,100,100,200,718,
2178_000.9,35,8273,8500,9000,9500,9900,227,500,500,400,1627,
2178_001.8,35,6164,6200,6800,7000,7100,36,600,200,100,936,
2178_002.6,35,7239,7400,7500,7800,8100,161,100,300,300,861,
2178_003.5,35,8917,9000,9300,9700,10000,83,300,400,300,1083,
2178_004.1,35,6464,6700,6900,7200,7500,236,200,300,300,1036,
2178_004.6,35,6493,6700,7000,7200,7400,207,300,200,200,907,
2178_005.2,35,6403,7100,7300,7700,8000,697,200,400,300,1597,
2178_005.4,35,6403,6500,7100,7500,8100,97,600,400,600,1697,
2178_005.7,35,8960,10000,10500,12000,12500,1040,500,1500,500,3540,
2178_005.8,35,8960,9600,9800,9900,10000,640,200,100,100,1040,
2178_006.0,35,3261,3900,4100,4400,4600,639,200,300,200,1339,
2178_006.1,35,3261,3600,3600,3700,4000,339,0,100,300,739,
2178_006.3,35,3261,3400,3500,3600,3700,139,100,100,100,439,
2178_006.4,35,3261,3600,3700,3900,4000,339,100,200,100,739,
2179_000.0,35,500,1200,1900,2100,2600,700,700,200,500,2100,
2180_000.0,35,24507,25000,25500,25500,26000,493,500,0,500,1493,
2180_000.6,35,17747,18000,18000,18000,18500,253,0,0,500,753,
2180_001.5,35,13187,13500,13500,13500,14000,313,0,0,500,813,
2180_002.4,35,11121,11500,11500,11500,12000,379,0,0,500,879,
2180_003.2,35,9486,9700,10500,11000,11500,214,800,500,500,2014,
2180_004.1,35,12225,12500,12500,12500,13000,275,0,0,500,775,
2180_004.7,35,12304,12500,12500,12500,13000,196,0,0,500,696,
2180_005.2,35,11596,12000,12000,12500,12500,404,0,500,0,904,
2180_005.8,35,14579,15000,15500,15500,16500,421,500,0,1000,1921,
2180_006.0,35,14579,15000,15000,15000,15500,421,0,0,500,921,
2180_006.3,35,13543,14000,14000,14000,14500,457,0,0,500,957,
2180_006.4,35,13543,14000,14500,14500,15000,457,500,0,500,1457,
2180_006.6,35,11890,12500,13000,14500,15000,610,500,1500,500,3110,
2180_006.7,35,11890,12000,12500,12500,13000,110,500,0,500,1110,
2180_006.9,35,8785,9100,9300,10500,11000,315,200,1200,500,2215,
2180_007.0,35,8785,8900,9500,10000,10500,115,600,500,500,1715,
2181_000.0,35,500,550,550,600,600,50,0,50,0,100,
2182_000.0,35,5565,5600,5600,5600,5600,35,0,0,0,35,
2183_000.0,35,500,700,900,1300,1700,200,200,400,400,1200,
2183_000.6,35,500,700,900,1300,1700,200,200,400,400,1200,
2184_000.0,35,500,650,750,950,1200,150,100,200,250,700,
2185_000.0,35,500,750,950,1200,1500,250,200,250,300,1000,
2186_000.1,35,11563,12000,12000,12000,13000,437,0,0,1000,1437,
2186_002.4,35,13791,14000,14000,14000,14500,209,0,0,500,709,
2186_002.8,35,12719,13000,13000,13000,13500,281,0,0,500,781,
2186_003.7,35,18055,18500,18500,18500,19000,445,0,0,500,945,
2186_004.6,35,21097,21500,21500,21500,22000,403,0,0,500,903,
2187_000.0,35,1000,1100,3000,4100,5000,100,1900,1100,900,4000,
2187_000.4,35,1000,1100,1300,1700,2100,100,200,400,400,1100,
2188_000.0,35,9286,9700,10000,10500,13000,414,300,500,2500,3714,
2189_000.0,35,1000,1000,1500,1500,2000,0,500,0,500,1000,
2189_000.5,35,1000,4500,5300,5600,6000,3500,800,300,400,5000,
2190_000.0,35,22091,4400,4600,5400,5500,-17691,200,800,100,-16591,Use model volumes. Also 2050 readjusted down to account for missing centroid connector
2190_003.2,35,9379,9600,10000,10500,10500,221,400,500,0,1121,
2190_004.2,35,12956,13000,13500,14000,14500,44,500,500,500,1544,
2190_004.3,35,12956,13000,13500,13500,14000,44,500,0,500,1044,
2191_000.0,35,2239,2300,2400,2400,2500,61,100,0,100,261,
2192_000.0,35,0,2600,2700,3000,3300,2600,100,300,300,3300,
2193_001.0,35,1000,1700,2400,3600,3900,700,700,1200,300,2900,
2194_000.0,35,4021,4200,4600,5000,5200,179,400,400,200,1179,
2194_000.8,35,1040,1100,1100,1200,1300,60,0,100,100,260,
2194_000.9,35,1040,1200,1300,1500,1600,160,100,200,100,560,
2194_001.8,35,3419,3500,3700,4200,4800,81,200,500,600,1381,
2195_000.0,35,1000,1000,1100,1100,1200,0,100,0,100,200,
2195_000.7,35,1000,1200,1300,1400,1600,200,100,100,200,600,
2195_001.8,35,1000,1200,1300,1400,1700,200,100,100,300,700,
2196_000.0,35,3569,3600,3900,4200,4900,31,300,300,700,1331,
2197_000.0,35,500,1700,2800,3500,4000,1200,1100,700,500,3500,
2199_000.0,35,1000,1100,1200,1300,1400,100,100,100,100,400,
2200_000.0,35,3000,3500,4200,5000,5800,500,700,800,800,2800,
2201_000.0,35,500,550,600,700,750,50,50,100,50,250,
2202_000.0,35,4172,4200,4200,4300,4300,28,0,100,0,128,
2202_000.6,35,4172,4200,4200,4300,4300,28,0,100,0,128,
2202_001.1,35,4172,4200,4200,4300,4300,28,0,100,0,128,
2203_000.0,35,1000,1000,1100,1200,1300,0,100,100,100,300,
2204_000.0,35,12459,12500,13000,13000,13500,41,500,0,500,1041,
2204_000.9,35,13695,14000,14500,14500,15000,305,500,0,500,1305,
2204_001.3,35,9795,9900,10000,10000,10500,105,100,0,500,705,
2204_001.9,35,9666,9900,10000,10000,10500,234,100,0,500,834,
2204_002.5,35,9825,10000,10000,10000,10500,175,0,0,500,675,
2204_003.0,35,8089,8300,8600,8900,9000,211,300,300,100,911,
2205_000.0,35,1000,1000,1100,1200,1700,0,100,100,500,700,
2205_001.2,35,1000,1400,1800,2100,2500,400,400,300,400,1500,
2207_000.0,35,500,700,900,1000,1200,200,200,100,200,700,
2207_000.5,35,500,700,800,900,1000,200,100,100,100,500,
2208_000.0,35,2781,2800,2900,2900,3000,19,100,0,100,219,
2208_000.5,35,2781,2900,3000,3100,3200,119,100,100,100,419,
2209_000.0,35,102,300,1000,1700,2700,198,700,700,1000,2598,
2209_000.5,35,102,800,1200,1500,1500,698,400,300,0,1398,
2210_000.0,35,0,2500,2600,2600,2600,2500,100,0,0,2600,
2211_000.0,35,509,4000,12500,19500,20500,3491,8500,7000,1000,19991,
2213_000.0,35,3653,6000,10000,15500,19000,2347,4000,5500,3500,15347,
2213_000.1,35,2741,4600,8900,11000,13000,1859,4300,2100,2000,10259,
2214_000.0,35,4386,4400,4500,4800,5300,14,100,300,500,914,
2216_000.0,35,1461,1500,1600,1800,2100,39,100,200,300,639,
2216_001.4,35,1461,1600,1700,1700,2000,139,100,0,300,539,
2218_000.0,35,12804,13000,13500,14000,14500,196,500,500,500,1696,
2218_000.5,35,9953,10000,10500,11000,11500,47,500,500,500,1547,
2218_001.4,35,9953,10000,10500,11000,12000,47,500,500,1000,2047,
2220_000.0,35,1000,1000,1100,1200,1300,0,100,100,100,300,
2220_001.4,35,1000,1100,1300,1400,1400,100,200,100,0,400,
2224_000.0,35,3653,3700,3700,3800,3800,47,0,100,0,147,
2226_000.0,35,8577,8600,8700,9100,9300,23,100,400,200,723,
2226_000.7,35,13529,14000,14000,14000,14500,471,0,0,500,971,
2227_000.0,35,2500,2500,2600,2700,2700,0,100,100,0,200,
2228_000.0,35,70,70,70,70,70,0,0,0,0,0,
2228_000.2,35,70,70,70,70,70,0,0,0,0,0,
2228_000.5,35,3530,3600,3700,3800,4500,70,100,100,700,970,
2228_000.8,35,3530,3600,3700,3800,4500,70,100,100,700,970,
2228_001.2,35,3530,3600,3800,3900,4600,70,200,100,700,1070,
2230_000.0,35,1112,1200,1500,1600,1700,88,300,100,100,588,
2230_000.4,35,7441,7500,7600,7700,8100,59,100,100,400,659,
2230_001.1,35,7441,7500,7900,8400,8700,59,400,500,300,1259,
2230_002.2,35,13220,13500,14000,14500,15000,280,500,500,500,1780,
2230_003.8,35,3875,4000,4100,4200,5200,125,100,100,1000,1325,
2232_000.0,35,6373,6400,6500,6600,6700,27,100,100,100,327,
2232_001.0,35,6373,6400,6400,6500,6700,27,0,100,200,327,
2232_001.5,35,6373,6400,6400,6400,6500,27,0,0,100,127,
2232_002.5,35,6373,6400,6500,6500,6600,27,100,0,100,227,
2232_003.5,35,6373,6600,6800,7000,7200,227,200,200,200,827,
2233_000.0,35,6547,7500,7800,9100,10500,953,300,1300,1400,3953,
2233_001.0,35,6547,7600,8700,9800,11000,1053,1100,1100,1200,4453,
2233_001.7,35,6547,7500,7900,17000,19000,953,400,9100,2000,12453,
2233_002.0,35,12279,14000,15000,19500,21000,1721,1000,4500,1500,8721,
2233_002.9,35,12279,14000,15500,18500,20000,1721,1500,3000,1500,7721,
2233_004.0,35,3335,3500,3800,4100,4300,165,300,300,200,965,
2234_000.0,35,7426,8400,8700,7000,7100,974,300,-1700,100,-326,new bypass route in 2040
2234_001.3,35,2113,3100,3500,1700,1900,987,400,-1800,200,-213,new bypass route in 2040
2234_001.8,35,2113,3100,3600,1900,2500,987,500,-1700,600,387,new bypass route in 2040
2234_002.0,35,2113,2600,3100,3300,16500,487,500,200,13200,14387,
2236_000.0,35,10920,11000,11500,12000,12500,80,500,500,500,1580,
2236_000.9,35,4412,4700,4800,5400,5500,288,100,600,100,1088,
2236_001.5,35,3000,3400,3600,4000,4400,400,200,400,400,1400,
2238_000.0,35,12137,10000,11000,14500,15500,-2137,1000,3500,1000,3363,MVC extension in 2024
2238_001.0,35,18771,14500,15000,16000,18000,-4271,500,1000,2000,-771,MVC extension in 2024
2238_001.5,35,18771,14000,15000,16000,18500,-4771,1000,1000,2500,-271,MVC extension in 2024
2238_001.8,35,18771,14000,15000,15500,18000,-4771,1000,500,2500,-771,MVC extension in 2024
2238_002.2,35,18771,14500,15500,16000,18500,-4271,1000,500,2500,-271,MVC extension in 2024
2240_000.0,35,13723,14500,14500,15500,16500,777,0,1000,1000,2777,
2240_000.2,35,13723,14500,15000,16000,16500,777,500,1000,500,2777,
2240_001.0,35,28673,29500,30000,31500,31500,827,500,1500,0,2827,
2240_001.4,35,28673,29500,30000,31000,31500,827,500,1000,500,2827,
2240_001.8,35,28673,29500,30000,31500,32500,827,500,1500,1000,3827,
2240_002.0,35,33763,34000,35500,36500,36500,237,1500,1000,0,2737,
2240_002.3,35,37992,35500,34500,35000,36000,-2492,-1000,500,1000,-1992,drop due to improved Bangerter Highway in 2024 and 2030
2240_002.5,35,18339,13500,13000,14500,15000,-4839,-500,1500,500,-3339,drop due to improved Bangerter Highway in 2024 and 2030
2240_003.0,35,44429,37000,35000,35000,35500,-7429,-2000,0,500,-8929,drop due to improved Bangerter Highway in 2024 and 2030
2242_000.0,35,3073,3400,3600,4100,6400,327,200,500,2300,3327,
2244_000.0,35,500,550,650,700,750,50,100,50,50,250,
2244_000.7,35,500,600,650,650,800,100,50,0,150,300,
2245_000.0,35,500,700,1000,1500,1900,200,300,500,400,1400,
2245_000.7,35,500,700,1000,1500,1900,200,300,500,400,1400,
2245_001.0,35,500,700,1000,1500,1900,200,300,500,400,1400,
2246_000.0,35,13546,14000,14500,15500,16500,454,500,1000,1000,2954,
2246_001.0,35,7231,7300,7900,10000,11000,69,600,2100,1000,3769,
2246_001.5,35,7231,7400,4700,5200,7000,169,-2700,500,1800,-231,Remove Bangerter Intersection
2246_002.0,35,19136,19500,14000,14500,16500,364,-5500,500,2000,-2636,Remove Bangerter Intersection
2246_002.3,35,19283,19500,17000,17500,19500,217,-2500,500,2000,217,Remove Bangerter Intersection
2246_002.5,35,17392,19000,14500,15500,18000,1608,-4500,1000,2500,608,Remove Bangerter Intersection
2246_003.0,35,18898,19500,17500,18000,20000,602,-2000,500,2000,1102,Remove Bangerter Intersection
2246_003.5,35,13791,14500,13500,14000,14500,709,-1000,500,500,709,Remove Bangerter Intersection
2246_004.0,35,13791,14500,15000,15500,16000,709,500,500,500,2209,
2246_004.5,35,1112,1200,1800,2400,2700,88,600,600,300,1588,
2247_001.5,35,2500,2600,2600,3000,3000,100,0,400,0,500,
2250_000.0,35,2280,3000,3200,4300,4800,720,200,1100,500,2520,
2250_001.2,35,1392,3200,5100,6200,6900,1808,1900,1100,700,5508,
2250_002.9,35,6410,7700,9300,9500,9800,1290,1600,200,300,3390,
2250_004.4,35,6771,7700,8700,9100,9400,929,1000,400,300,2629,
2250_004.6,35,14770,15500,18000,19000,19500,730,2500,1000,500,4730,
2250_005.8,35,7023,8000,10500,12000,12500,977,2500,1500,500,5477,
2250_005.9,35,7023,8300,10000,10000,11000,1277,1700,0,1000,3977,
2250_006.3,35,7023,8500,9500,9800,10000,1477,1000,300,200,2977,
2250_006.6,35,7023,8000,8500,9200,10000,977,500,700,800,2977,
2254_000.0,35,8038,8600,9500,11500,12000,562,900,2000,500,3962,
2254_001.0,35,12391,13500,15000,16000,17000,1109,1500,1000,1000,4609,
2254_002.2,35,11505,12000,13000,14500,15500,495,1000,1500,1000,3995,
2254_002.5,35,11505,12500,13500,15000,16500,995,1000,1500,1500,4995,
2254_003.1,35,12232,13500,14500,16000,17500,1268,1000,1500,1500,5268,
2254_003.4,35,12232,13000,14000,15500,17000,768,1000,1500,1500,4768,
2254_003.5,35,12232,13000,14000,16000,16500,768,1000,2000,500,4268,
2254_003.7,35,11210,12000,12500,14000,14500,790,500,1500,500,3290,
2254_004.0,35,11210,12000,12500,14000,14500,790,500,1500,500,3290,
2254_004.3,35,12721,13000,13500,15000,15500,279,500,1500,500,2779,
2254_004.6,35,13915,14000,14000,14500,15000,85,0,500,500,1085,
2254_004.9,35,9557,9700,9700,10000,10500,143,0,300,500,943,
2254_005.2,35,9624,9700,10000,10000,10500,76,300,0,500,876,
2254_005.5,35,8961,9000,9100,9200,9400,39,100,100,200,439,
2254_005.8,35,6091,6100,6300,6300,6500,9,200,0,200,409,
2254_006.4,35,6091,6300,6500,6500,6600,209,200,0,100,509,
2254_006.7,35,5799,5900,6000,6000,6100,101,100,0,100,301,
2254_007.0,35,3743,3800,3800,3900,3900,57,0,100,0,157,
2258_000.0,35,15840,16000,16500,16500,17000,160,500,0,500,1160,
2258_001.7,35,15840,16000,17000,19500,21000,160,1000,2500,1500,5160,
2258_001.8,35,14536,15000,15500,16500,17500,464,500,1000,1000,2964,
2258_002.4,35,10390,11000,11000,12000,13000,610,0,1000,1000,2610,
2258_002.8,35,15043,16000,17000,18000,19000,957,1000,1000,1000,3957,
2258_003.5,35,15043,15500,16500,17000,18500,457,1000,500,1500,3457,
2258_003.6,35,16622,17000,18500,21500,25000,378,1500,3000,3500,8378,
2258_004.2,35,12790,15500,18000,19500,22000,2710,2500,1500,2500,9210,
2258_004.5,35,12790,13500,15500,16000,17000,710,2000,500,1000,4210,
2258_005.0,35,8433,8900,9800,10500,11000,467,900,700,500,2567,
2258_005.3,35,8433,9100,9300,9700,10500,667,200,400,800,2067,
2258_005.7,35,13177,13500,13500,14000,14500,323,0,500,500,1323,
2262_000.0,35,8488,8800,9100,9500,10000,312,300,400,500,1512,
2262_000.3,35,8488,8600,9100,9400,10000,112,500,300,600,1512,
2262_000.4,35,8488,8500,9000,9700,10500,12,500,700,800,2012,
2262_000.6,35,5969,6200,6800,6900,7200,231,600,100,300,1231,
2262_000.9,35,5969,6500,7200,7500,7800,531,700,300,300,1831,
2262_001.2,35,9872,10000,10500,11000,11000,128,500,500,0,1128,
2262_001.5,35,11256,11500,12000,12000,12500,244,500,0,500,1244,
2262_001.8,35,8793,9100,9300,9500,9600,307,200,200,100,807,
2262_002.3,35,8793,9000,9400,9500,9500,207,400,100,0,707,
2262_002.4,35,12643,13000,13500,13500,14000,357,500,0,500,1357,
2262_002.9,35,8027,8100,8200,8300,8400,73,100,100,100,373,
2262_003.4,35,2777,2800,2900,3000,3100,23,100,100,100,323,
2264_000.0,35,6694,7000,7500,8200,8700,306,500,700,500,2006,
2264_000.9,35,16774,17000,17000,17500,18000,226,0,500,500,1226,
2264_001.8,35,13697,14000,14500,15000,15000,303,500,500,0,1303,
2264_002.6,35,3956,4000,4200,4300,4700,44,200,100,400,744,
2264_003.2,35,4692,4800,5000,5300,5600,108,200,300,300,908,
2264_003.8,35,3240,3400,3500,3900,4200,160,100,400,300,960,
2264_004.3,35,3086,3600,3900,4600,5000,514,300,700,400,1914,
2264_004.5,35,3086,3100,3200,4700,4900,14,100,1500,200,1814,
2264_004.8,35,3086,3200,3200,4700,4800,114,0,1500,100,1714,
2264_004.9,35,3086,3800,4200,4400,5300,714,400,200,900,2214,
2264_005.1,35,4533,4800,5200,5400,5900,267,400,200,500,1367,
2264_005.2,35,4533,4700,5100,5300,5900,167,400,200,600,1367,
2264_005.4,35,4533,4600,4600,4700,5100,67,0,100,400,567,
2264_005.5,35,4533,4600,4600,4800,4900,67,0,200,100,367,
2266_000.0,35,21258,22000,22500,23000,23500,742,500,500,500,2242,
2266_000.6,35,20466,21000,21500,21500,22000,534,500,0,500,1534,
2266_001.8,35,23049,23500,24000,24500,25000,451,500,500,500,1951,
2266_002.4,35,19384,20000,20500,21000,21500,616,500,500,500,2116,
2266_003.3,35,23093,23500,23500,24500,25000,407,0,1000,500,1907,
2266_004.3,35,20205,20500,21000,21500,22000,295,500,500,500,1795,
2266_005.0,35,11097,11500,12500,13500,14500,403,1000,1000,1000,3403,
2266_005.2,35,11097,11500,12500,13000,14000,403,1000,500,1000,2903,
2266_006.1,35,16153,16500,16500,16500,17000,347,0,0,500,847,
2266_006.7,35,9608,10000,10500,10500,11000,392,500,0,500,1392,
2266_007.2,35,5127,5200,5400,5600,5700,73,200,200,100,573,
2266_007.8,35,556,600,600,650,650,44,0,50,0,94,
2266_007.9,35,556,600,600,650,650,44,0,50,0,94,
2266_008.4,35,2998,3000,3100,3100,3100,2,100,0,0,102,
2266_009.0,35,2998,3000,3100,3100,3100,2,100,0,0,102,
2269_000.0,35,5257,5500,6400,7600,7800,243,900,1200,200,2543,
2270_000.0,35,20282,22000,22500,23000,23000,1718,500,500,0,2718,
2270_000.3,35,20282,22000,22500,23000,23500,1718,500,500,500,3218,
2270_000.6,35,19510,21000,21500,21500,21500,1490,500,0,0,1990,
2270_000.9,35,22770,24000,24500,25500,26000,1230,500,1000,500,3230,
2270_001.2,35,27907,28500,29500,30500,30500,593,1000,1000,0,2593,
2270_001.5,35,24148,25000,25000,25000,25500,852,0,0,500,1352,
2270_001.8,35,10993,11000,11000,11000,11500,7,0,0,500,507,
2270_002.1,35,10993,11000,11000,12000,13500,7,0,1000,1500,2507,
2270_002.4,35,20883,21000,21500,22500,23000,117,500,1000,500,2117,
2270_002.7,35,20883,21000,21000,21500,21500,117,0,500,0,617,
2270_003.0,35,16459,16500,16500,17000,17500,41,0,500,500,1041,
2270_003.3,35,12000,12500,12500,12500,13000,500,0,0,500,1000,
2272_000.0,35,5913,6400,6600,6800,6900,487,200,200,100,987,
2272_000.7,35,5913,6000,6300,6600,6700,87,300,300,100,787,
2272_000.9,35,2500,2500,2500,2600,2600,0,0,100,0,100,
2274_000.0,35,10762,11000,11500,11500,12000,238,500,0,500,1238,
2274_000.6,35,9454,9600,9800,9900,10500,146,200,100,600,1046,
2274_000.9,35,0,500,500,500,500,500,0,0,0,500,
2276_000.0,35,5043,5100,5300,5400,5800,57,200,100,400,757,
2280_000.0,35,13677,14000,14000,14500,14500,323,0,500,0,823,
2282_000.0,35,7310,7700,7800,7900,8200,390,100,100,300,890,
2282_000.5,35,7310,7700,7900,8100,8300,390,200,200,200,990,
2282_001.1,35,7310,7700,8000,8200,8400,390,300,200,200,1090,
2284_000.0,35,4172,4300,4700,4800,4800,128,400,100,0,628,
2284_000.5,35,4172,4200,4700,5000,5300,28,500,300,300,1128,
2284_001.1,35,4172,4200,4700,5100,5600,28,500,400,500,1428,
2289_000.0,35,5915,7900,11500,13000,18000,1985,3600,1500,5000,12085,
2289_001.8,35,5915,26500,33500,26000,30500,20585,7000,-7500,4500,24585,"MVC terminates in 2024, extended in 2040"
2290_000.0,35,6878,11000,13000,17500,18500,4122,2000,4500,1000,11622,
2290_001.0,35,9280,11000,12500,16500,18000,1720,1500,4000,1500,8720,
2290_001.9,35,16804,18000,21000,25500,26000,1196,3000,4500,500,9196,
2290_002.2,35,16804,18000,19000,21500,22000,1196,1000,2500,500,5196,
2290_002.8,35,16866,18500,19500,20500,21500,1634,1000,1000,1000,4634,
2290_003.6,35,24134,25000,25500,27000,27500,866,500,1500,500,3366,
2290_004.0,35,17695,18000,18500,19500,21000,305,500,1000,1500,3305,
2290_004.6,35,10367,11000,11000,11500,12000,633,0,500,500,1633,
2290_005.7,35,17387,18000,18500,19500,20500,613,500,1000,1000,3113,
2290_006.4,35,19180,21000,22000,24000,25000,1820,1000,2000,1000,5820,
2290_006.6,35,18509,19500,20500,22500,24000,991,1000,2000,1500,5491,
2290_006.9,35,18509,19500,21000,22500,24500,991,1500,1500,2000,5991,
2290_007.1,35,18509,19500,20500,22500,24500,991,1000,2000,2000,5991,
2290_007.2,35,15708,17000,17500,18000,19500,1292,500,500,1500,3792,
2290_007.5,35,15708,17000,17500,18500,19500,1292,500,1000,1000,3792,
2290_007.8,35,14758,16000,16500,17000,18000,1242,500,500,1000,3242,
2290_008.1,35,10811,11000,11000,12000,12500,189,0,1000,500,1689,
2290_008.4,35,11247,11500,11500,12500,13000,253,0,1000,500,1753,
2290_008.7,35,9452,9800,9900,10000,10500,348,100,100,500,1048,
2290_009.0,35,8217,9000,9600,11000,12500,783,600,1400,1500,4283,
2290_009.3,35,8217,8300,8400,8800,9000,83,100,400,200,783,
2290_009.9,35,7029,7100,7300,7400,7500,71,200,100,100,471,
2290_010.2,35,7220,7300,7900,8400,8900,80,600,500,500,1680,
2292_000.0,35,4623,5100,5500,6200,6600,477,400,700,400,1977,
2292_001.1,35,9750,9800,9900,10500,11000,50,100,600,500,1250,
2292_002.3,35,10578,11000,12500,14500,16500,422,1500,2000,2000,5922,
2292_002.7,35,10578,11500,13000,15500,17500,922,1500,2500,2000,6922,
2292_003.0,35,10578,12500,14500,17000,18500,1922,2000,2500,1500,7922,
2292_003.2,35,12827,16000,18000,19000,23500,3173,2000,1000,4500,10673,
2292_003.5,35,19337,24000,24000,25000,30000,4663,0,1000,5000,10663,
2292_003.6,35,19337,23000,23500,24000,31000,3663,500,500,7000,11663,
2292_003.8,35,18282,20000,21000,22500,24500,1718,1000,1500,2000,6218,
2292_004.1,35,18282,21000,21500,22500,25000,2718,500,1000,2500,6718,
2292_004.4,35,15487,17000,18500,19500,21500,1513,1500,1000,2000,6013,
2292_004.7,35,16577,17000,17500,18500,18500,423,500,1000,0,1923,
2292_005.0,35,17550,18500,18500,19500,19500,950,0,1000,0,1950,
2292_005.6,35,16329,16500,16500,17000,17500,171,0,500,500,1171,
2292_006.0,35,17056,17500,18000,18500,19000,444,500,500,500,1944,
2292_006.5,35,20237,20500,21000,21500,22500,263,500,500,1000,2263,
2292_006.8,35,4313,4400,4500,4600,4700,87,100,100,100,387,
2292_007.8,35,4351,4500,4500,4700,5100,149,0,200,400,749,
2293_000.0,35,7956,8600,8900,9300,10500,644,300,400,1200,2544,
2293_000.6,35,7956,8600,9200,10000,11000,644,600,800,1000,3044,
2296_000.0,35,8459,8500,8600,8700,9300,41,100,100,600,841,
2300_000.0,35,17400,17500,17500,18000,18000,100,0,500,0,600,
2300_000.3,35,9876,9900,9900,10500,10500,24,0,600,0,624,
2302_000.0,35,16021,16500,17000,17000,17500,479,500,0,500,1479,
2305_000.0,35,10844,11000,11500,12000,13000,156,500,500,1000,2156,
2305_000.3,35,10844,11000,12000,13000,13000,156,1000,1000,0,2156,
2305_000.9,35,10844,11500,13500,14500,15000,656,2000,1000,500,4156,
2306_000.0,35,14121,14500,15000,15500,19000,379,500,500,3500,4879,
2306_000.1,35,14121,14500,15000,15500,21000,379,500,500,5500,6879,
2306_000.3,35,12415,12500,14000,14500,16000,85,1500,500,1500,3585,
2306_000.6,35,12415,12500,13500,14000,15500,85,1000,500,1500,3085,
2306_000.9,35,11156,11500,12500,13000,13500,344,1000,500,500,2344,
2306_001.2,35,9898,10000,11000,11500,12000,102,1000,500,500,2102,
2306_001.5,35,9898,10000,10000,10500,11500,102,0,500,1000,1602,
2306_001.8,35,9898,10000,10500,11000,11500,102,500,500,500,1602,
2306_002.1,35,5141,5300,5800,6200,6700,159,500,400,500,1559,
2306_002.5,35,5141,5300,5700,5800,6400,159,400,100,600,1259,
2308_000.0,35,18378,18500,19000,19500,20000,122,500,500,500,1622,
2308_000.1,35,18378,18500,18500,19000,19500,122,0,500,500,1122,
2308_000.3,35,18378,18500,18500,18500,19000,122,0,0,500,622,
2308_000.4,35,18378,18500,19000,19500,19500,122,500,500,0,1122,
2308_000.6,35,7470,7500,7600,7900,8400,30,100,300,500,930,
2308_000.7,35,7470,7600,7700,7900,8000,130,100,200,100,530,
2316_000.0,35,21101,21500,23000,24000,24500,399,1500,1000,500,3399,
2316_000.1,35,21101,21500,23000,24000,24500,399,1500,1000,500,3399,
2316_000.3,35,21101,21500,22500,23500,24000,399,1000,1000,500,2899,
2316_000.6,35,17048,17500,17500,18000,19000,452,0,500,1000,1952,
2316_000.9,35,13698,14000,14500,15500,16000,302,500,1000,500,2302,
2316_001.2,35,18773,19000,19500,19500,20000,227,500,0,500,1227,
2316_001.5,35,18773,19000,19500,19500,20000,227,500,0,500,1227,
2316_001.6,35,18773,19000,19500,19500,20000,227,500,0,500,1227,
2317_000.0,35,7350,7600,7800,8000,8100,250,200,200,100,750,
2322_000.0,35,2345,2700,3500,3800,3900,355,800,300,100,1555,
2322_000.7,35,4701,5200,6100,6800,7000,499,900,700,200,2299,
2322_001.8,35,3832,4000,4100,4300,4500,168,100,200,200,668,
2322_002.3,35,3832,3900,4100,4400,4700,68,200,300,300,868,
2322_002.6,35,3832,4100,4300,4400,4500,268,200,100,100,668,
2322_002.7,35,13749,14000,14500,15000,15500,251,500,500,500,1751,
2322_002.9,35,13749,14000,14500,15000,15500,251,500,500,500,1751,
2322_003.0,35,18091,18500,19500,20000,21500,409,1000,500,1500,3409,
2322_003.2,35,19905,20000,21000,22000,22500,95,1000,1000,500,2595,
2322_003.3,35,11424,11500,12000,12500,13000,76,500,500,500,1576,
2322_003.5,35,11424,12000,12500,13000,13500,576,500,500,500,2076,
2322_003.6,35,11424,12000,12500,13000,13500,576,500,500,500,2076,
2322_003.9,35,12845,13000,13500,14000,14500,155,500,500,500,1655,
2322_004.2,35,9991,10000,10000,10500,11000,9,0,500,500,1009,
2324_000.0,35,28812,29500,30000,30500,31000,688,500,500,500,2188,
2324_000.1,35,28812,29500,30000,30000,30500,688,500,0,500,1688,
2324_000.3,35,25867,26500,28000,29000,30500,633,1500,1000,1500,4633,
2324_000.4,35,25867,27500,28500,30000,31000,1633,1000,1500,1000,5133,
2324_000.6,35,25867,27500,28000,28000,29500,1633,500,0,1500,3633,
2326_000.0,35,15374,15500,15500,15500,16500,126,0,0,1000,1126,
2326_000.1,35,15374,15500,15500,16000,16500,126,0,500,500,1126,
2326_000.3,35,10680,11000,11500,12000,12000,320,500,500,0,1320,
2326_000.4,35,10680,11000,11500,12000,12000,320,500,500,0,1320,
2326_000.6,35,10680,11000,11000,11500,11500,320,0,500,0,820,
2326_000.9,35,13628,14000,14000,14500,14500,372,0,500,0,872,
2326_001.2,35,16386,16500,17000,17500,17500,114,500,500,0,1114,
2326_001.5,35,7286,7300,7600,7900,8000,14,300,300,100,714,
2326_002.1,35,18803,19000,19500,20000,20500,197,500,500,500,1697,
2326_002.2,35,20849,21000,22000,22500,23000,151,1000,500,500,2151,
2328_000.0,35,2643,2800,3400,3700,3900,157,600,300,200,1257,
2328_000.1,35,11474,11500,11500,12000,12500,26,0,500,500,1026,
2328_000.3,35,11474,11500,12000,12500,13000,26,500,500,500,1526,
2328_000.4,35,13677,14000,14000,14500,15000,323,0,500,500,1323,
2328_000.6,35,13697,14000,14500,15000,15500,303,500,500,500,1803,
2328_000.7,35,25683,26000,27000,27500,28000,317,1000,500,500,2317,
2328_000.9,35,25683,26000,26500,27500,28000,317,500,1000,500,2317,
2328_001.1,35,25683,26000,26500,27000,27500,317,500,500,500,1817,
2328_001.3,35,28777,29000,29500,30000,30500,223,500,500,500,1723,
2328_001.6,35,19845,20000,20500,21000,21500,155,500,500,500,1655,
2328_001.9,35,15964,16000,16500,17000,17500,36,500,500,500,1536,
2328_002.5,35,10195,10500,11000,11500,12000,305,500,500,500,1805,
2330_000.0,35,13000,17000,23000,24500,25500,4000,6000,1500,1000,12500,
2330_000.3,35,13192,15500,20000,21000,21500,2308,4500,1000,500,8308,
2330_001.0,35,14378,17500,21500,24000,26500,3122,4000,2500,2500,12122,
2330_002.2,35,25977,29000,31500,33000,36000,3023,2500,1500,3000,10023,
2330_002.7,35,25977,29500,32500,34000,37000,3523,3000,1500,3000,11023,
2330_003.0,35,25977,28500,29500,31000,33500,2523,1000,1500,2500,7523,
2330_003.1,35,26758,29500,30500,32000,36000,2742,1000,1500,4000,9242,
2330_003.3,35,26758,29500,29500,32000,34500,2742,0,2500,2500,7742,
2330_003.4,35,26758,28000,29500,30500,33500,1242,1500,1000,3000,6742,
2330_003.6,35,26758,27000,29000,30500,36500,242,2000,1500,6000,9742,
2330_003.7,35,12797,13000,13000,13500,14000,203,0,500,500,1203,
2330_003.8,35,4361,4500,4600,4700,4900,139,100,100,200,539,
2330_003.8,35,4361,4500,4600,4700,4900,139,100,100,200,539,
2330_004.0,35,7035,7100,7200,7300,7400,65,100,100,100,365,
2330_004.3,35,2648,2700,2700,2900,3100,52,0,200,200,452,
2330_004.6,35,2754,2800,2800,2900,3000,46,0,100,100,246,
2330_004.9,35,4361,4400,4400,4500,4900,39,0,100,400,539,
2332_000.0,35,1463,1700,2100,2100,2300,237,400,0,200,837,
2332_000.4,35,1463,1500,1900,2000,2100,37,400,100,100,637,
2336_000.0,35,4521,4600,4800,4900,5000,79,200,100,100,479,
2336_000.4,35,3362,3400,3500,3700,4000,38,100,200,300,638,
2338_000.0,35,3999,6700,8600,11000,12000,2701,1900,2400,1000,8001,
2338_001.4,35,3999,5600,6900,8700,9400,1601,1300,1800,700,5401,
2338_001.9,35,791,1100,1900,2800,3600,309,800,900,800,2809,
2340_000.0,35,3782,3800,3800,3900,3900,18,0,100,0,118,
2340_000.2,35,3512,3600,3600,3700,3700,88,0,100,0,188,
2340_000.5,35,4290,4300,4300,4400,4400,10,0,100,0,110,
2340_001.6,35,8456,8700,8900,9100,9400,244,200,200,300,944,
2340_002.0,35,8456,8600,9000,9300,9700,144,400,300,400,1244,
2340_002.1,35,8456,8800,8800,9100,9500,344,0,300,400,1044,
2342_000.0,35,13851,14000,14000,14000,14000,149,0,0,0,149,
2344_000.0,35,2629,2700,2700,2900,3100,71,0,200,200,471,
2344_000.2,35,6606,6700,6900,6900,7000,94,200,0,100,394,
2344_000.2,35,6606,6700,6900,6900,7000,94,200,0,100,394,
2344_000.6,35,3179,3200,3300,3300,3300,21,100,0,0,121,
2346_000.0,35,6603,6700,6700,6700,7000,97,0,0,300,397,
2346_000.2,35,6603,6700,6700,6800,6900,97,0,100,100,297,
2346_000.2,35,6603,6700,6700,6800,6900,97,0,100,100,297,
2346_000.6,35,4178,4200,4200,4200,4300,22,0,0,100,122,
2350_000.0,35,12264,12500,13000,13000,13500,236,500,0,500,1236,
2350_000.1,35,12264,12500,12500,12500,13000,236,0,0,500,736,
2350_000.3,35,12264,12500,13000,13000,13500,236,500,0,500,1236,
2350_000.4,35,12264,12500,12500,13500,14000,236,0,1000,500,1736,
2350_000.6,35,13404,13500,13500,15000,15500,96,0,1500,500,2096,
2350_000.9,35,13404,13500,13500,15000,15500,96,0,1500,500,2096,
2354_000.0,35,8249,9500,10500,11500,12000,1251,1000,1000,500,3751,
2354_001.0,35,10264,12000,13500,16500,17500,1736,1500,3000,1000,7236,
2354_001.2,35,16806,18000,19500,21000,23000,1194,1500,1500,2000,6194,
2354_001.7,35,16790,17500,20000,22000,24000,710,2500,2000,2000,7210,
2354_002.5,35,17911,18000,20000,22000,23500,89,2000,2000,1500,5589,
2355_000.0,35,2284,2900,3800,4300,4700,616,900,500,400,2416,
2356_000.0,35,40324,40500,42000,42500,44500,176,1500,500,2000,4176,
2356_000.1,35,40324,40500,41500,43000,43500,176,1000,1500,500,3176,
2356_000.3,35,28300,28500,30500,31000,32500,200,2000,500,1500,4200,
2356_000.4,35,28300,28500,29000,29500,31500,200,500,500,2000,3200,
2358_000.0,35,5529,6200,8600,9500,10500,671,2400,900,1000,4971,
2361_000.0,35,15721,16000,16500,17000,17500,279,500,500,500,1779,
2361_000.3,35,15721,16000,16500,17000,18000,279,500,500,1000,2279,
2361_000.4,35,8427,9500,11000,11500,12500,1073,1500,500,1000,4073,
2361_000.7,35,8427,9400,11500,12000,12500,973,2100,500,500,4073,
2361_001.2,35,7050,7500,7600,7900,8600,450,100,300,700,1550,
2363_000.0,35,6108,6300,6500,6900,7300,192,200,400,400,1192,
2364_000.0,35,3780,4000,4600,5200,5300,220,600,600,100,1520,
2364_000.7,35,2375,2900,3000,3200,4000,525,100,200,800,1625,
2365_000.0,35,2230,2300,2300,2400,2400,70,0,100,0,170,
2365_000.4,35,2631,2700,2700,2800,2800,69,0,100,0,169,
2365_000.9,35,3411,3500,3700,4300,4800,89,200,600,500,1389,
2367_000.0,35,5600,5700,6500,7300,7400,100,800,800,100,1800,
2367_000.3,35,5600,5700,6500,7300,7400,100,800,800,100,1800,
2367_000.4,35,5600,5700,5700,5800,5800,100,0,100,0,200,
2370_000.0,35,22715,23500,25500,29000,31500,785,2000,3500,2500,8785,
2372_000.0,35,4123,5100,6600,7500,8100,977,1500,900,600,3977,
2374_000.0,35,1028,1100,1600,2000,2700,72,500,400,700,1672,
2374_000.6,35,1028,1400,2300,4500,6000,372,900,2200,1500,4972,
2374_002.3,35,5348,7500,11000,19500,24000,2152,3500,8500,4500,18652,
2374_002.6,35,0,0,0,0,0,0,0,0,0,0,
2374_003.2,35,6252,6400,7000,8500,8700,148,600,1500,200,2448,
2378_000.0,35,11484,11500,11500,12500,13500,16,0,1000,1000,2016,
2378_000.7,35,11484,11500,11500,12000,12500,16,0,500,500,1016,
2380_000.0,35,559,800,1200,1900,2600,241,400,700,700,2041,
2386_000.0,35,20124,20500,21500,22500,27500,376,1000,1000,5000,7376,
2386_000.3,35,4548,5600,6600,9500,10000,1052,1000,2900,500,5452,
2386_001.3,35,13144,14000,18500,21000,21500,856,4500,2500,500,8356,
2388_000.0,35,2624,2700,2800,2800,2900,76,100,0,100,276,
2388_000.4,35,2624,2700,2700,3000,3100,76,0,300,100,476,
2390_000.0,35,3982,4300,4400,4700,4800,318,100,300,100,818,
2688_009.7,35,0,30,30,30,150,30,0,0,120,150,
2821_000.0,49,500,600,850,2800,1200,100,250,1950,-1600,700,New connectivity in 2050
2821_000.6,49,500,900,1600,1100,1300,400,700,-500,200,800,New connectivity in 2040
2821_000.8,49,500,1100,1800,1100,1400,600,700,-700,300,900,New connectivity in 2040
2822_000.0,49,913,1300,1500,1700,1900,387,200,200,200,987,
2823_000.0,49,500,500,550,600,700,0,50,50,100,200,
2823_001.5,49,0,60,70,80,90,60,10,10,10,90,
2825_000.0,49,895,1000,1100,1500,2000,105,100,400,500,1105,
2825_000.4,49,895,1300,2200,3000,3600,405,900,800,600,2705,
2825_000.6,49,895,1300,2200,3000,3700,405,900,800,700,2805,
2825_001.0,49,895,1400,2600,4600,4700,505,1200,2000,100,3805,
2825_001.4,49,895,1900,2700,4700,4800,1005,800,2000,100,3905,
2825_001.6,49,895,2000,2800,6600,8300,1105,800,3800,1700,7405,
2829_000.0,49,1000,2000,2100,2400,2800,1000,100,300,400,1800,
2829_000.2,49,1000,2400,2600,2900,3300,1400,200,300,400,2300,
2830_000.0,49,3164,3400,3600,3800,4500,236,200,200,700,1336,
2830_001.0,49,4337,4600,4700,5000,5100,263,100,300,100,763,
2830_001.2,49,3546,3800,3900,4200,4300,254,100,300,100,754,
2830_001.5,49,4578,4800,5200,5700,6000,222,400,500,300,1422,
2830_001.7,49,7179,7400,7500,8200,8300,221,100,700,100,1121,
2830_002.3,49,3546,3800,3900,5400,6000,254,100,1500,600,2454,
2830_002.7,49,5762,5900,6000,7500,8100,138,100,1500,600,2338,
2830_003.0,49,5762,6000,6100,8400,8900,238,100,2300,500,3138,
2830_003.5,49,7391,7800,8000,8700,10000,409,200,700,1300,2609,
2831_000.0,49,183,200,250,300,950,17,50,50,650,767,
2831_002.2,49,183,200,250,300,8100,17,50,50,7800,7917,
2831_002.4,49,183,200,250,300,8500,17,50,50,8200,8317,
2831_002.9,49,862,950,1000,350,1800,88,50,-650,1450,938,Center St Exit in 2030
2831_004.4,49,2733,3000,3100,2100,2900,267,100,-1000,800,167,Center St Exit in 2030
2831_004.6,49,2458,2700,2800,1900,2500,242,100,-900,600,42,Center St Exit in 2030
2832_000.0,49,6171,6300,6400,6100,6700,129,100,-300,600,529,Center St Exit in 2030
2832_000.5,49,7767,8100,8400,7700,8600,333,300,-700,900,833,Center St Exit in 2030
2832_000.7,49,7767,8000,8200,7400,9000,233,200,-800,1600,1233,Center St Exit in 2030
2832_000.8,49,6505,8100,9300,9200,10500,1595,1200,-100,1300,3995,Center St Exit in 2030
2833_000.0,49,500,900,1600,1800,1900,400,700,200,100,1400,
2833_000.2,49,500,650,800,900,950,150,150,100,50,450,
2833_000.7,49,500,700,1000,3300,5600,200,300,2300,2300,5100,
2835_000.4,49,500,850,1900,1900,2900,350,1050,0,1000,2400,
2835_000.7,49,500,950,1500,1800,2100,450,550,300,300,1600,
2837_000.0,49,1000,4100,4700,5400,5700,3100,600,700,300,4700,
2837_000.4,49,1000,7900,8900,9700,10500,6900,1000,800,800,9500,
2837_000.7,49,1000,8000,9000,10000,10500,7000,1000,1000,500,9500,
2839_000.0,49,500,1100,1200,1700,2600,600,100,500,900,2100,
2839_001.0,49,500,850,850,1200,1400,350,0,350,200,900,
2841_000.0,49,500,700,1700,3700,4700,200,1000,2000,1000,4200,
2841_000.3,49,500,600,2600,4600,5600,100,2000,2000,1000,5100,
2843_000.0,49,500,550,600,650,700,50,50,50,50,200,
2843_000.2,49,500,550,600,650,700,50,50,50,50,200,
2843_001.0,49,500,550,600,650,700,50,50,50,50,200,
2844_000.0,49,3359,3500,3500,3600,3600,141,0,100,0,241,
2845_000.0,49,3546,4300,6700,9500,10000,754,2400,2800,500,6454,
2845_000.4,49,3546,4300,12500,19000,23500,754,8200,6500,4500,19954,
2845_000.7,49,3546,3600,7600,11500,13500,54,4000,3900,2000,9954,
2845_001.2,49,3546,4100,5200,7600,9200,554,1100,2400,1600,5654,
2846_000.0,49,6716,7900,8100,11000,15500,1184,200,2900,4500,8784,
2846_000.3,49,6716,7700,8000,11000,14000,984,300,3000,3000,7284,
2846_000.6,49,6716,7700,7800,13500,17500,984,100,5700,4000,10784,
2846_001.3,49,6716,7800,9400,13500,16500,1084,1600,4100,3000,9784,
2848_000.0,49,1518,1800,1800,1800,1900,282,0,0,100,382,
2848_001.3,49,1518,7000,14000,16500,20000,5482,7000,2500,3500,18482,
2848_001.6,49,1518,6000,13000,14000,16000,4482,7000,1000,2000,14482,
2848_002.2,49,1518,5700,6500,7000,7400,4182,800,500,400,5882,
2849_000.0,49,3289,9000,9700,11000,12500,5711,700,1300,1500,9211,
2849_000.5,49,3289,13000,14500,16500,17500,9711,1500,2000,1000,14211,
2849_000.6,49,1096,12000,14500,18500,22000,10904,2500,4000,3500,20904,
2849_001.2,49,1096,4800,6500,6900,10000,3704,1700,400,3100,8904,
2849_002.4,49,500,2200,6300,6800,9200,1700,4100,500,2400,8700,
2849_005.0,49,500,500,9700,11500,16000,0,9200,1800,4500,15500,
2850_000.0,49,0,2700,2800,5400,1700,2700,100,2600,-3700,1700,0
2851_000.0,49,500,500,600,700,800,0,100,100,100,300,
2851_001.3,49,500,550,650,850,1000,50,100,200,150,500,
2851_001.4,49,500,600,700,900,1000,100,100,200,100,500,
2852_000.0,49,460,650,750,1000,1100,190,100,250,100,640,
2852_000.9,49,460,1800,1900,2100,3000,1340,100,200,900,2540,
2852_001.4,49,460,500,550,600,700,40,50,50,100,240,
2853_000.0,49,500,1200,1500,3000,5400,700,300,1500,2400,4900,
2853_000.5,49,500,1200,1300,2300,2700,700,100,1000,400,2200,
2854_000.0,49,2255,2300,2400,3600,5500,45,100,1200,1900,3245,
2854_002.0,49,0,1100,1300,2800,3800,1100,200,1500,1000,3800,
2854_002.5,49,0,3200,3500,6100,2400,3200,300,2600,-3700,2400,New interchange in 2050
2854_003.0,49,0,1000,1200,1300,1300,1000,200,100,0,1300,
2854_003.5,49,0,2600,3700,6500,25000,2600,1100,2800,18500,25000,
2854_004.0,49,2255,2800,3900,5100,30000,545,1100,1200,24900,27745,
2854_004.3,49,2255,2800,4100,5100,12000,545,1300,1000,6900,9745,
2855_000.0,49,3658,4500,6000,14000,19000,842,1500,8000,5000,15342,
2855_000.2,49,3658,4100,4200,4800,6100,442,100,600,1300,2442,
2856_000.0,49,1630,1700,1800,2500,3800,70,100,700,1300,2170,
2856_001.0,49,1630,1700,1800,3300,6600,70,100,1500,3300,4970,
2856_002.1,49,1630,1800,4100,6600,13000,170,2300,2500,6400,11370,
2857_000.0,49,500,600,700,800,1000,100,100,100,200,500,
2859_000.0,49,3840,4000,4400,5000,6200,160,400,600,1200,2360,
2859_000.3,49,3840,4000,4400,5000,6200,160,400,600,1200,2360,
2859_000.9,49,500,1300,1300,1600,2200,800,0,300,600,1700,
2860_000.0,49,4569,4700,8000,8400,9300,131,3300,400,900,4731,
2860_000.4,49,4872,5000,5700,6100,6600,128,700,400,500,1728,
2862_000.0,49,3503,4500,3300,4900,7700,997,-1200,1600,2800,4197,New Nebo interchange in 2030
2862_000.5,49,3503,4100,8200,9200,9700,597,4100,1000,500,6197,
2862_000.6,49,1675,2300,3000,5000,7400,625,700,2000,2400,5725,
2862_002.9,49,1675,2500,2900,4000,5000,825,400,1100,1000,3325,
2864_000.0,49,1006,1900,2800,1700,2300,894,900,-1100,600,1294,New parallel corridor in 2030
2864_001.9,49,1006,1200,1400,900,950,194,200,-500,50,-56,New parallel corridor in 2030
2865_000.0,49,2385,2600,2800,3300,3600,215,200,500,300,1215,
2865_001.3,49,2385,2500,2600,2800,3100,115,100,200,300,715,
2866_000.0,49,189,600,1500,1900,3500,411,900,400,1600,3311,
2866_000.5,49,189,600,2200,2500,3900,411,1600,300,1400,3711,
2866_001.0,49,189,500,1800,2000,3900,311,1300,200,1900,3711,
2866_002.3,49,189,600,2000,2800,3900,411,1400,800,1100,3711,
2866_004.0,49,189,950,3600,4100,4200,761,2650,500,100,4011,
2868_000.0,49,1109,1200,1300,2000,11500,91,100,700,9500,10391,
2868_000.6,49,1109,1300,1800,8300,24000,191,500,6500,15700,22891,
2869_000.0,49,3580,3800,4000,4200,4400,220,200,200,200,820,
2869_001.0,49,3580,3700,3800,4700,4900,120,100,900,200,1320,
2869_001.8,49,3580,3900,4200,4700,5000,320,300,500,300,1420,
2869_002.0,49,3580,3900,4200,4800,5000,320,300,600,200,1420,
2870_000.0,49,3194,3200,3700,4200,4700,6,500,500,500,1506,
2870_000.1,49,3194,4000,4300,6100,5900,806,300,1800,-200,2706,Nebo Parkway extension in 2050
2870_000.5,49,3194,4500,5300,8000,5900,1306,800,2700,-2100,2706,Nebo Parkway extension in 2050
2870_001.1,49,500,1600,2100,4000,3000,1100,500,1900,-1000,2500,Nebo Parkway extension in 2050
2870_001.5,49,500,1900,3100,6300,3000,1400,1200,3200,-3300,2500,Nebo Parkway extension in 2050
2870_002.4,49,500,750,750,1100,1200,250,0,350,100,700,
2870_003.6,49,500,750,900,1300,2400,250,150,400,1100,1900,
2870_004.7,49,0,450,1000,300,7700,450,550,-700,7400,7700,Improved connectivity in 2040
2870_005.2,49,0,100,900,4800,8400,100,800,3900,3600,8400,
2870_006.0,49,0,100,1300,5100,8500,100,1200,3800,3400,8500,
2871_000.0,49,1000,1500,2800,7100,13000,500,1300,4300,5900,12000,
2871_000.3,49,1000,1600,2400,4400,5900,600,800,2000,1500,4900,
2872_000.0,49,4407,6500,9000,15000,6500,2093,2500,6000,-8500,2093,Nebo Parkway extension in 2050
2872_000.8,49,3727,5400,6500,9400,4600,1673,1100,2900,-4800,873,Nebo Parkway extension in 2050
2872_001.5,49,1005,1800,2200,3400,5500,795,400,1200,2100,4495,
2872_002.5,49,1005,1500,1700,2800,4900,495,200,1100,2100,3895,
2872_003.5,49,5009,6000,7300,8800,9200,991,1300,1500,400,4191,
2872_005.3,49,5009,7100,9100,11500,12000,2091,2000,2400,500,6991,
2872_005.7,49,5009,6900,8100,17500,20500,1891,1200,9400,3000,15491,
2872_006.0,49,5009,7000,8400,7600,8600,1991,1400,-800,1000,3591,Improved connectivity in 2040
2872_006.5,49,4650,6200,8300,6700,6900,1550,2100,-1600,200,2250,Improved connectivity in 2040
2872_007.1,49,4650,6200,8300,5600,17000,1550,2100,-2700,11400,12350,Improved connectivity in 2040
2872_007.3,49,2668,3000,4300,9900,16000,332,1300,5600,6100,13332,
2872_007.7,49,2668,3000,4200,4900,6300,332,1200,700,1400,3632,
2873_000.0,49,1000,1000,1000,1200,1300,0,0,200,100,300,
2873_000.9,49,1000,1000,1000,1000,1000,0,0,0,0,0,
2873_001.1,49,1000,1000,1000,1000,1000,0,0,0,0,0,
2875_000.0,49,4025,11000,11500,14500,18000,6975,500,3000,3500,13975,
2875_000.3,49,4025,13500,14000,17000,21500,9475,500,3000,4500,17475,
2875_000.7,49,4025,16500,16500,19500,24000,12475,0,3000,4500,19975,
2875_001.2,49,4025,4400,4600,5300,5900,375,200,700,600,1875,
2875_002.0,49,4025,4400,4900,6000,7000,375,500,1100,1000,2975,
2875_002.8,49,4025,4300,4700,6100,7000,275,400,1400,900,2975,
2875_003.3,49,4025,4700,5700,7600,8400,675,1000,1900,800,4375,
2877_000.0,49,1201,1300,1400,2100,1000,99,100,700,-1100,-201,Extended Nebo Parkway in 2050
2877_002.0,49,1201,1500,1800,2500,3900,299,300,700,1400,2699,
2878_000.0,49,1361,2500,4700,5100,5700,1139,2200,400,600,4339,
2878_000.3,49,1361,2000,6200,5000,5600,639,4200,-1200,600,4239,"New Connection in 2024, Realignment in 2040"
2878_001.2,49,1361,7300,19000,16000,16500,5939,11700,-3000,500,15139,"New Connection in 2024, Realignment in 2040"
2878_002.0,49,1361,4100,5800,15500,17000,2739,1700,9700,1500,15639,
2878_002.8,49,2871,6100,8800,13500,20000,3229,2700,4700,6500,17129,
2878_003.1,49,2871,10500,15000,18000,22500,7629,4500,3000,4500,19629,
2878_003.6,49,2213,13500,16000,19000,22500,11287,2500,3000,3500,20287,
2878_004.4,49,2213,14500,18500,22000,25500,12287,4000,3500,3500,23287,
2878_004.9,49,1112,14500,19000,23000,27000,13388,4500,4000,4000,25888,
2878_005.4,49,1106,38000,21500,28500,32500,36894,-16500,7000,4000,31394,Clubhouse Dr extension in 2030
2878_005.9,49,1106,37000,23500,30000,34000,35894,-13500,6500,4000,32894,Clubhouse Dr extension in 2030
2878_006.8,49,1112,16500,14000,17000,21000,15388,-2500,3000,4000,19888,New traverse interchange
2878_007.0,49,1112,9400,7900,8900,10000,8288,-1500,1000,1100,8888,New traverse interchange
2879_000.0,49,6096,6600,7000,7600,8100,504,400,600,500,2004,
2880_000.0,49,528,3600,17500,8900,7400,3072,13900,-8600,-1500,6872,Pioneer Crossing Freeway in 2040
2880_000.5,49,528,4300,16000,7000,5100,3772,11700,-9000,-1900,4572,Pioneer Crossing Freeway in 2040
2880_001.0,49,528,3500,16000,6600,4300,2972,12500,-9400,-2300,3772,Pioneer Crossing Freeway in 2040
2880_001.5,49,528,1100,17000,6900,4900,572,15900,-10100,-2000,4372,Pioneer Crossing Freeway in 2040
2880_002.0,49,528,3300,1700,1800,2000,2772,-1600,100,200,1472,1900 S Connection to Vineyard Connector in 2030)
2880_002.6,49,1051,2800,2900,4100,4500,1749,100,1200,400,3449,
2880_003.0,49,1051,3000,3200,3300,3700,1949,200,100,400,2649,
2881_000.0,49,1716,4200,2300,4000,5500,2484,-1900,1700,1500,3784,Airport Rd connection in 2030
2881_001.3,49,1716,4200,2200,2400,6000,2484,-2000,200,3600,4284,Airport Rd connection in 2030
2881_002.0,49,1716,4200,1900,2000,3500,2484,-2300,100,1500,1784,Airport Rd connection in 2030
2881_002.8,49,1716,4000,2000,4200,18000,2284,-2000,2200,13800,16284,Airport Rd connection in 2030
2881_003.4,49,1716,3500,1700,3200,11000,1784,-1800,1500,7800,9284,Airport Rd connection in 2030
2881_004.7,49,1716,4600,4800,10000,2600,2884,200,5200,-7400,884,Cedar Valley Fwy extended in 2050
2881_005.7,49,1716,4600,5500,9300,2500,2884,900,3800,-6800,784,Cedar Valley Fwy extended in 2050
2881_006.5,49,1716,5200,7100,15000,5500,3484,1900,7900,-9500,3784,Cedar Valley Fwy extended in 2050
2881_007.1,49,1716,10500,20500,21000,18000,8784,10000,500,-3000,16284,Cedar Valley Fwy extended in 2050
2881_008.6,49,1716,12000,20500,21500,21000,10284,8500,1000,-500,19284,Cedar Valley Fwy extended in 2050
2881_009.7,49,18712,26500,29000,37500,37000,7788,2500,8500,-500,18288,Cedar Valley Fwy extended in 2050
2881_010.3,49,18712,25000,26000,29000,28500,6288,1000,3000,-500,9788,Cedar Valley Fwy extended in 2050
2881_010.8,49,18712,25500,26000,31000,30000,6788,500,5000,-1000,11288,Cedar Valley Fwy extended in 2050
2881_011.9,49,18712,21000,14500,8300,9800,2288,-6500,-6200,1500,-8912,"Foothill Blvd extension in 2030, Pioneer Crossing Freeway in 2040"
2882_000.0,49,878,1900,550,1600,2000,1022,-1350,1050,400,1122,Additional Capacity on adjacent corridors in 2030
2882_000.5,49,878,2200,150,1300,1600,1322,-2050,1150,300,722,Additional Capacity on adjacent corridors in 2030
2882_001.0,49,878,2600,0,50,1100,1722,-2600,50,1050,222,Additional Capacity on adjacent corridors in 2030
2882_001.5,49,878,2300,0,1800,2300,1422,-2300,1800,500,1422,Additional Capacity on adjacent corridors in 2030
2883_007.5,49,1000,6200,45000,110000,115000,5200,38800,65000,5000,114000,
2883_008.0,49,1000,12500,28500,83000,114000,11500,16000,54500,31000,113000,
2884_000.0,49,1701,2800,3000,3100,3300,1099,200,100,200,1599,
2885_000.0,49,500,6100,7500,3800,4100,5600,1400,-3700,300,3600,Pioneer Crossing Freeway in 2040
2886_000.0,49,8331,8500,8500,8600,8800,169,0,100,200,469,
2886_000.2,49,3273,3300,3600,4200,4300,27,300,600,100,1027,
2886_000.3,49,3273,3300,3400,3500,3600,27,100,100,100,327,
2886_000.6,49,2757,2800,3000,3000,3300,43,200,0,300,543,
2886_002.3,49,10,5000,5300,5800,5900,4990,300,500,100,5890,
2886_003.7,49,10,3700,5000,5400,5700,3690,1300,400,300,5690,
2887_000.0,49,6558,7200,7900,10000,13000,642,700,2100,3000,6442,
2887_000.7,49,6558,7300,7900,9700,12500,742,600,1800,2800,5942,
2888_000.0,49,9078,10500,11000,11000,11500,1422,500,0,500,2422,
2888_000.8,49,9078,9100,9200,9300,9900,22,100,100,600,822,
2888_001.3,49,1000,1100,1100,1500,1600,100,0,400,100,600,
2888_001.7,49,1000,1200,1300,1900,2400,200,100,600,500,1400,
2889_000.0,49,12074,17000,20000,12000,12500,4926,3000,-8000,500,426,SR-73 Freeway in 2040
2889_001.3,49,1000,1100,1200,3700,2500,100,100,2500,-1200,1500,New E/W connector between Foothill and Eagle Mountain in 2050
2889_002.6,49,1000,1400,1500,1700,2300,400,100,200,600,1300,
2890_000.0,49,1051,800,1000,3300,3700,-251,200,2300,400,2649,"New 700 N connection in 2024, new Pacific Dr over I-15 in 2040"
2890_000.3,49,1051,1200,2300,4600,5000,149,1100,2300,400,3949,
2890_000.8,49,1051,1100,2100,4500,4500,49,1000,2400,0,3449,
2890_001.0,49,1051,1100,1400,2400,2600,49,300,1000,200,1549,
2893_000.0,49,500,600,600,1300,2900,100,0,700,1600,2400,
2893_000.7,49,500,1800,2900,3200,4700,1300,1100,300,1500,4200,
2893_001.6,49,500,4900,6400,7900,8500,4400,1500,1500,600,8000,
2893_002.2,49,500,550,600,1300,4400,50,50,700,3100,3900,
2894_000.0,49,6239,4700,5000,5100,6000,-1539,300,100,900,-239,New Canal Blvd extension in 2024
2894_000.9,49,6633,7400,7500,7600,7800,767,100,100,200,1167,
2894_001.4,49,6633,7400,7800,8000,8300,767,400,200,300,1667,
2894_001.7,49,6633,7100,7100,7300,7400,467,0,200,100,767,
2894_001.9,49,6633,6800,6900,7100,7200,167,100,200,100,567,
2895_000.0,49,24020,11500,14000,17500,21500,-12520,2500,3500,4000,-2520,2100 N extended in 2024
2895_000.9,49,16445,14500,16000,14500,18500,-1945,1500,-1500,4000,2055,"2100 N extended in 2024, Pioneer Crossing Freeway in 2040"
2895_001.3,49,16445,15500,17000,16000,19000,-945,1500,-1000,3000,2555,"2100 N extended in 2024, Pioneer Crossing Freeway in 2040"
2895_002.4,49,16607,16500,16000,15500,17000,-107,-500,-500,1500,393,"2100 N extended in 2024, Pioneer Crossing added capacity in 2030, Freeway in 2040"
2895_002.9,49,16607,16500,16000,15000,16000,-107,-500,-1000,1000,-607,"2100 N extended in 2024, Pioneer Crossing added capacity in 2030, Freeway in 2040"
2895_003.5,49,16677,17000,16500,13000,14500,323,-500,-3500,1500,-2177,"Pioneer Crossing added capacity in 2030, Freeway in 2040"
2895_004.0,49,9183,17500,16000,14000,14000,8317,-1500,-2000,0,4817,"Pioneer Crossing added capacity in 2030, Freeway in 2040"
2895_004.4,49,9183,19500,18000,16000,15000,10317,-1500,-2000,-1000,5817,"Pioneer Crossing added capacity in 2030, Freeway in 2040"
2895_004.8,49,9183,20000,16000,14000,13500,10817,-4000,-2000,-500,4317,"Pioneer Crossing added capacity in 2030, Freeway in 2040"
2896_000.0,49,6563,6600,7100,7800,8700,37,500,700,900,2137,
2896_000.5,49,4789,4800,4900,5000,5200,11,100,100,200,411,
2896_001.3,49,4035,4100,4200,4300,4400,65,100,100,100,365,
2896_001.8,49,1539,1600,1700,1800,1900,61,100,100,100,361,
2897_000.0,49,6356,6500,7400,8100,8200,144,900,700,100,1844,
2897_000.4,49,6588,5800,6600,7100,7200,-788,800,500,100,612,Additional capacity on State St in 2024
2897_001.3,49,8258,8100,8700,9300,9400,-158,600,600,100,1142,Additional capacity on State St in 2024
2897_001.8,49,8258,8000,8400,8800,8900,-258,400,400,100,642,Additional capacity on State St in 2024
2897_002.3,49,8258,7200,7500,7800,7900,-1058,300,300,100,-358,Additional capacity on State St in 2024
2897_002.8,49,2500,2400,2500,2700,2800,-100,100,200,100,300,Additional capacity on State St in 2024
2899_000.0,49,11698,12000,12000,12000,12500,302,0,0,500,802,
2899_000.2,49,17648,18000,18000,18000,18500,352,0,0,500,852,
2899_000.4,49,17648,18000,18000,18000,18500,352,0,0,500,852,
2899_000.8,49,18101,18500,18500,18500,19000,399,0,0,500,899,
2899_001.2,49,15432,16000,16000,16500,16500,568,0,500,0,1068,
2899_001.7,49,15432,15500,15500,16000,16000,68,0,500,0,568,
2899_002.4,49,9508,9600,9600,10500,10500,92,0,900,0,992,
2899_003.5,49,9508,9600,9700,9900,10000,92,100,200,100,492,
2899_004.1,49,9377,9400,9500,10000,10000,23,100,500,0,623,
2900_000.0,49,3476,1600,1700,2200,2400,-1876,100,500,200,-1076,New 700 N connection in 2024
2900_000.5,49,3476,1500,1600,1700,1800,-1976,100,100,100,-1676,New 700 N connection in 2024
2900_000.8,49,3476,1500,1600,1700,1800,-1976,100,100,100,-1676,New 700 N connection in 2024
2900_001.3,49,3476,1700,1800,2100,2100,-1776,100,300,0,-1376,New 700 N connection in 2024
2900_002.2,49,5185,4500,4600,5200,5300,-685,100,600,100,115,New 700 N connection in 2024
2900_002.7,49,5185,4700,4800,5100,5100,-485,100,300,0,-85,New 700 N connection in 2024
2900_003.2,49,5185,5000,5100,5100,5200,-185,100,0,100,15,New 700 N connection in 2024
2901_000.0,49,500,900,1100,3200,5900,400,200,2100,2700,5400,
2901_000.3,49,500,950,2100,2500,2600,450,1150,400,100,2100,
2902_000.0,49,2115,3100,4800,5700,6800,985,1700,900,1100,4685,
2902_000.3,49,2115,3300,7600,8900,10500,1185,4300,1300,1600,8385,
2902_000.6,49,2115,2600,3600,4300,4700,485,1000,700,400,2585,
2902_001.1,49,2115,2400,3000,3600,4100,285,600,600,500,1985,
2902_001.6,49,2115,2300,2400,2600,2800,185,100,200,200,685,
2902_002.1,49,2115,2200,2400,2500,2600,85,200,100,100,485,
2903_000.0,49,500,650,1700,650,1600,150,1050,-1050,950,1100,0
2906_002.8,49,7279,7400,7400,8000,8200,121,0,600,200,921,
2907_000.0,49,1053,1400,1800,2200,2400,347,400,400,200,1347,
2907_001.0,49,1053,1400,1700,1700,2100,347,300,0,400,1047,
2909_000.0,49,500,1400,2100,2400,3800,900,700,300,1400,3300,
2911_000.3,49,500,4300,2100,2200,2500,3800,-2200,100,300,2000,"New Foothill connection in 2024, extension in 2030"
2913_000.3,49,5000,5700,6600,7200,7800,700,900,600,600,2800,
2915_000.0,49,1051,5400,10500,11500,14500,4349,5100,1000,3000,13449,
2915_000.4,49,1051,2600,3200,3600,5500,1549,600,400,1900,4449,
2915_001.5,49,1051,1100,1600,3100,4500,49,500,1500,1400,3449,
2915_002.0,49,1051,1900,1600,2500,3400,849,-300,900,900,2349,2100 N Fwy in 2030
2918_000.0,49,2021,3000,4300,4400,5000,979,1300,100,600,2979,
2918_000.2,49,3294,4200,4500,4700,5100,906,300,200,400,1806,
2918_001.0,49,3513,3700,4000,4400,4800,187,300,400,400,1287,
2918_002.1,49,4053,4400,4800,5900,6300,347,400,1100,400,2247,
2918_002.4,49,4053,4600,5100,6700,6800,547,500,1600,100,2747,
2918_003.1,49,4053,4800,5400,6400,7000,747,600,1000,600,2947,
2918_003.8,49,5128,5900,6600,7500,8300,772,700,900,800,3172,
2918_004.8,49,5419,5800,6500,7500,8300,381,700,1000,800,2881,
2920_000.0,49,4352,5100,5800,6700,8100,748,700,900,1400,3748,
2920_001.1,49,4352,5200,6200,6900,8900,848,1000,700,2000,4548,
2920_005.1,35,1051,1900,2800,3700,5600,849,900,900,1900,4549,
2920_005.1,49,1051,1900,2800,3700,5600,849,900,900,1900,4549,
2922_000.0,49,1112,2500,3400,3900,4000,1388,900,500,100,2888,
2922_001.1,49,1112,4400,6700,7500,8100,3288,2300,800,600,6988,
2922_001.4,49,7507,12500,14000,15000,15000,4993,1500,1000,0,7493,
2923_000.0,49,1051,3900,4300,5800,6800,2849,400,1500,1000,5749,
2924_000.0,49,2580,2700,2800,3100,3300,120,100,300,200,720,
2924_000.5,49,2580,2600,1800,1900,2100,20,-800,100,200,-480,adjacent Canal Blvd extension in 2024
2924_001.4,49,2580,2800,3100,3200,3300,220,300,100,100,720,
2925_000.0,49,14828,15500,16000,16000,16500,672,500,0,500,1672,
2925_001.2,49,14828,15000,15500,15500,16000,172,500,0,500,1172,
2925_001.5,49,14828,15000,15500,16000,16000,172,500,500,0,1172,
2926_000.0,49,3887,4500,4600,4900,5200,613,100,300,300,1313,
2926_000.6,49,3887,4900,5300,12500,16500,1013,400,7200,4000,12613,
2926_001.0,49,3887,5200,5700,8600,11000,1313,500,2900,2400,7113,
2927_000.0,35,500,600,700,900,1100,100,100,200,200,600,
2928_000.0,49,3025,3200,3500,4000,4100,175,300,500,100,1075,
2928_000.2,49,3025,3200,3900,4100,4900,175,700,200,800,1875,
2928_001.2,49,3025,4700,6400,6800,7600,1675,1700,400,800,4575,
2929_000.0,49,500,800,900,19500,21000,300,100,18600,1500,20500,
2929_000.8,49,500,4200,4400,2900,3200,3700,200,-1500,300,2700,Remove access to Pioneer Crossing in 2030
2929_001.0,49,500,3000,3200,2900,3100,2500,200,-300,200,2600,0
2929_001.5,49,500,3600,3800,3400,3900,3100,200,-400,500,3400,0
2929_002.3,49,500,3300,3400,3300,4100,2800,100,-100,800,3600,0
2930_000.0,49,3598,4700,4900,5400,6100,1102,200,500,700,2502,
2931_000.0,49,1000,2500,2700,3000,3500,1500,200,300,500,2500,
2931_000.7,49,1000,3400,3400,700,800,2400,0,-2700,100,-200,0
2931_001.0,49,1000,2900,3200,1900,3300,1900,300,-1300,1400,2300,0
2931_001.5,49,500,500,550,600,1100,0,50,50,500,600,
2932_000.0,49,2102,11000,11000,12000,12500,8898,0,1000,500,10398,
2932_000.8,49,2102,10000,11000,11000,12000,7898,1000,0,1000,9898,
2932_001.3,49,2102,13000,13500,14000,16000,10898,500,500,2000,13898,
2932_002.2,49,2102,4000,4000,4700,4800,1898,0,700,100,2698,
2932_002.7,49,2102,2200,2600,2900,3400,98,400,300,500,1298,
2932_003.7,49,2102,2300,2400,2800,2800,198,100,400,0,698,
2933_000.0,49,500,3200,3500,3600,3700,2700,300,100,100,3200,
2933_000.5,49,500,3000,3600,4200,4600,2500,600,600,400,4100,
2933_002.0,49,500,600,700,1600,1800,100,100,900,200,1300,
2933_002.5,49,500,4500,4900,5900,8900,4000,400,1000,3000,8400,
2933_003.3,49,500,4500,5900,6900,9400,4000,1400,1000,2500,8900,
2935_000.0,49,500,2500,3400,4200,4300,2000,900,800,100,3800,
2935_001.1,49,500,2900,4400,7000,7400,2400,1500,2600,400,6900,
2935_001.4,49,500,2600,4000,6200,6500,2100,1400,2200,300,6000,
2936_000.0,49,1051,1600,1800,3100,3900,549,200,1300,800,2849,
2936_000.5,49,500,650,800,1700,2000,150,150,900,300,1500,
2936_001.1,49,0,500,550,600,650,500,50,50,50,650,
2937_000.9,49,500,1900,2000,2300,2500,1400,100,300,200,2000,
2937_003.6,49,500,2000,2100,2200,2500,1500,100,100,300,2000,
2937_004.1,49,500,1500,1700,1800,2100,1000,200,100,300,1600,
2937_004.6,49,500,2000,2100,2300,2700,1500,100,200,400,2200,
2938_000.3,49,1892,2100,2400,2800,2900,208,300,400,100,1008,
2938_000.8,49,1892,2000,2400,2700,2800,108,400,300,100,908,
2939_000.2,49,1000,1200,1200,2100,2200,200,0,900,100,1200,
2939_001.1,49,1000,1100,1200,1700,1900,100,100,500,200,900,
2939_001.3,49,1000,1200,1600,2100,2300,200,400,500,200,1300,
2939_002.8,49,1000,1200,1500,2500,2700,200,300,1000,200,1700,
2940_000.0,49,9164,15500,16000,17000,18500,6336,500,1000,1500,9336,
2940_000.4,49,9164,9400,9800,12000,13500,236,400,2200,1500,4336,
2940_000.6,49,9164,9500,10500,12500,14000,336,1000,2000,1500,4836,
2941_000.0,49,1000,12500,10000,11500,12000,11500,-2500,1500,500,11000,2100 N Fwy in 2030
2943_000.0,49,1000,2400,2800,3100,3600,1400,400,300,500,2600,
2943_001.1,49,1000,2600,3300,4700,5400,1600,700,1400,700,4400,
2943_001.3,49,1000,1100,14000,21000,27000,100,12900,7000,6000,26000,
2944_000.0,49,1051,7100,7300,10000,11000,6049,200,2700,1000,9949,
2944_000.3,49,1051,8000,10500,13000,15500,6949,2500,2500,2500,14449,
2945_000.0,49,500,6400,6500,6600,6800,5900,100,100,200,6300,
2945_001.3,49,500,2600,3600,4400,4600,2100,1000,800,200,4100,
2945_003.0,49,500,9000,10500,12000,14500,8500,1500,1500,2500,14000,
2946_000.0,49,20000,20500,21000,23000,23500,500,500,2000,500,3500,
2946_000.6,49,17000,17500,18000,18500,19500,500,500,500,1000,2500,
2946_001.1,49,17000,17500,18000,18500,20000,500,500,500,1500,3000,
2946_001.6,49,12000,12500,13000,13500,16000,500,500,500,2500,4000,
2946_002.2,49,8600,8700,8800,9900,12000,100,100,1100,2100,3400,
2946_002.7,49,12000,12500,13000,13500,14500,500,500,500,1000,2500,
2946_003.2,49,12000,12500,12500,13000,13500,500,0,500,500,1500,
2946_003.6,49,11000,11500,11500,12000,12500,500,0,500,500,1500,
2946_004.1,49,11000,11500,11500,12500,13000,500,0,1000,500,2000,
2946_004.7,49,12000,12500,13000,13500,14500,500,500,500,1000,2500,
2946_005.1,49,12000,12500,14000,14500,19500,500,1500,500,5000,7500,
2947_000.6,49,1000,5300,10500,14500,16500,4300,5200,4000,2000,15500,
2947_001.1,49,1000,4800,5500,7500,9300,3800,700,2000,1800,8300,
2949_000.0,49,500,600,750,800,850,100,150,50,50,350,
2949_000.8,49,500,550,600,650,700,50,50,50,50,200,
2949_001.8,49,500,550,700,750,850,50,150,50,100,350,
2949_003.4,49,500,650,1100,1700,1900,150,450,600,200,1400,
2950_000.0,49,755,800,800,850,850,45,0,50,0,95,
2950_001.3,49,755,800,800,850,850,45,0,50,0,95,
2951_000.0,49,500,550,550,600,600,50,0,50,0,100,
2953_000.0,49,1000,1700,3000,4300,5400,700,1300,1300,1100,4400,
2954_000.0,49,6198,6800,9700,11000,12000,602,2900,1300,1000,5802,
2954_000.5,49,10483,11000,11500,12000,12500,517,500,500,500,2017,
2954_001.0,49,10483,11000,11000,11500,12000,517,0,500,500,1517,
2954_001.5,49,12027,12500,13000,13500,14500,473,500,500,1000,2473,
2954_001.7,49,12027,12500,12500,12500,13000,473,0,0,500,973,
2954_001.9,49,6123,6300,6700,6700,7100,177,400,0,400,977,
2954_002.0,49,6123,6200,6400,6500,6900,77,200,100,400,777,
2954_002.5,49,5961,6000,6100,6700,7100,39,100,600,400,1139,
2954_003.0,49,2500,2500,2500,2500,2500,0,0,0,0,0,
2955_000.0,49,500,3100,3200,3300,3600,2600,100,100,300,3100,
2955_001.1,49,500,900,1000,1100,1300,400,100,100,200,800,
2956_000.0,49,2102,2200,2600,2700,2900,98,400,100,200,798,
2956_000.2,49,2102,2200,2300,2400,2500,98,100,100,100,398,
2957_000.0,49,500,4000,4500,5000,5100,3500,500,500,100,4600,
2957_001.0,49,500,3000,3200,3400,3800,2500,200,200,400,3300,
2957_002.0,49,500,4400,4500,4600,4700,3900,100,100,100,4200,
2958_000.0,49,7897,9200,9400,10500,11500,1303,200,1100,1000,3603,
2958_000.1,49,7897,8300,9800,10500,10500,403,1500,700,0,2603,
2958_000.6,49,6869,7300,8000,8800,9000,431,700,800,200,2131,
2958_001.1,49,10256,10500,11000,11500,12000,244,500,500,500,1744,
2958_001.6,49,8775,9100,9600,10500,11000,325,500,900,500,2225,
2958_002.1,49,2157,2200,2300,2500,2600,43,100,200,100,443,
2959_000.0,49,500,600,750,800,900,100,150,50,100,400,
2959_001.0,49,500,550,600,750,850,50,50,150,100,350,
2960_000.0,49,10841,14500,16000,17000,29500,3659,1500,1000,12500,18659,
2960_000.4,49,30046,34000,36000,38000,46500,3954,2000,2000,8500,16454,
2960_000.6,49,33124,36000,37500,39500,47000,2876,1500,2000,7500,13876,
2960_001.0,49,33124,35000,36000,38000,44000,1876,1000,2000,6000,10876,
2960_001.5,49,33588,35000,36000,37000,42000,1412,1000,1000,5000,8412,
2960_001.9,49,31510,32500,33000,34000,37500,990,500,1000,3500,5990,
2960_002.0,49,31510,32000,32500,34500,36000,490,500,2000,1500,4490,
2960_002.5,49,24293,25000,25500,26000,26500,707,500,500,500,2207,
2960_003.0,49,21035,21500,22500,24000,25500,465,1000,1500,1500,4465,
2960_003.4,49,21035,21500,22500,24000,24500,465,1000,1500,500,3465,
2960_004.1,49,5353,5700,6100,6900,7200,347,400,800,300,1847,
2961_000.0,49,1000,1900,2200,2400,2700,900,300,200,300,1700,
2961_001.0,49,1000,1200,1300,1400,1500,200,100,100,100,500,
2962_000.0,49,9938,10000,10000,10000,10000,62,0,0,0,62,
2962_000.2,49,9938,10000,10000,10000,10000,62,0,0,0,62,
2962_001.8,49,2400,2400,2400,2400,2400,0,0,0,0,0,
2963_000.0,49,500,1000,1600,2200,2400,500,600,600,200,1900,
2963_000.6,49,500,550,600,1100,1400,50,50,500,300,900,
2963_001.1,49,500,500,500,500,500,0,0,0,0,0,
2964_000.0,49,5257,5300,5600,7100,8700,43,300,1500,1600,3443,
2964_000.5,49,5257,5300,4000,4300,4800,43,-1300,300,500,-457,800 S Overpass
2964_001.0,49,5257,5400,3800,3900,4200,143,-1600,100,300,-1057,800 S Overpass
2964_001.5,49,5257,5500,4100,4200,4700,243,-1400,100,500,-557,800 S Overpass
2964_002.0,49,5257,5700,4700,5800,6200,443,-1000,1100,400,943,800 S Overpass
2964_002.2,49,5257,5400,5400,5500,5900,143,0,100,400,643,
2964_002.5,49,5257,5400,5500,5500,6300,143,100,0,800,1043,
2964_003.0,49,5257,5300,5300,5400,5500,43,0,100,100,243,
2965_000.0,49,8918,9000,9100,10000,10500,82,100,900,500,1582,
2965_000.5,49,9341,9400,9500,10000,10500,59,100,500,500,1159,
2965_001.1,49,10894,11000,11500,12000,12500,106,500,500,500,1606,
2965_001.6,49,9139,9200,9300,9800,9900,61,100,500,100,761,
2965_002.1,49,5610,5900,6500,7200,7200,290,600,700,0,1590,
2966_000.0,49,3863,3900,4400,5100,5300,37,500,700,200,1437,
2966_000.5,49,6264,6300,6600,7100,7200,36,300,500,100,936,
2966_001.0,49,7094,7100,7200,7400,7900,6,100,200,500,806,
2966_001.5,49,6085,6100,6200,7300,7600,15,100,1100,300,1515,
2966_002.0,49,6554,6600,6800,6900,7000,46,200,100,100,446,
2966_002.5,49,3453,3500,3600,3700,3800,47,100,100,100,347,
2966_003.1,49,8791,8800,8900,9000,9100,9,100,100,100,309,
2966_003.7,49,4040,4200,4300,4900,5300,160,100,600,400,1260,
2966_004.2,49,7065,7200,7400,8000,8500,135,200,600,500,1435,
2966_004.7,49,4286,4600,5000,6200,6500,314,400,1200,300,2214,
2966_005.1,49,3712,4100,4400,5900,6300,388,300,1500,400,2588,
2966_005.2,49,3712,4100,4500,4900,5400,388,400,400,500,1688,
2966_005.7,49,3712,4100,4800,5000,5600,388,700,200,600,1888,
2967_000.0,49,500,550,600,650,750,50,50,50,100,250,
2967_000.5,49,500,600,600,650,700,100,0,50,50,200,
2967_001.0,49,500,500,550,650,750,0,50,100,100,250,
2967_001.5,49,500,550,550,550,600,50,0,0,50,100,
2968_000.0,49,3356,3700,3900,4000,4300,344,200,100,300,944,
2968_000.5,49,3356,3700,3700,4100,4500,344,0,400,400,1144,
2968_001.1,49,16336,16500,17000,17500,17500,164,500,500,0,1164,
2968_001.5,49,16336,16500,16500,17000,17000,164,0,500,0,664,
2968_002.0,49,4839,4900,4900,5300,5400,61,0,400,100,561,
2969_000.0,49,500,500,550,650,750,0,50,100,100,250,
2969_000.5,49,500,550,600,600,650,50,50,0,50,150,
2969_001.1,49,500,550,550,550,600,50,0,0,50,100,
2970_000.0,49,1892,2100,2300,3900,4100,208,200,1600,200,2208,
2972_000.0,49,4630,5000,5100,5300,5600,370,100,200,300,970,
2972_000.2,49,4630,4900,5600,17000,18000,270,700,11400,1000,13370,
2972_000.5,49,5328,6100,6700,16500,17000,772,600,9800,500,11672,
2972_001.0,49,5328,6200,6400,14000,14500,872,200,7600,500,9172,
2972_001.4,49,4150,5000,5400,8700,9900,850,400,3300,1200,5750,
2972_001.5,49,4150,4200,4300,7000,7100,50,100,2700,100,2950,
2974_000.0,49,3398,4100,4600,4800,5000,702,500,200,200,1602,
2974_000.5,49,9168,9700,9800,10000,10500,532,100,200,500,1332,
2974_001.0,49,8818,9100,12000,12500,13000,282,2900,500,500,4182,
2974_001.5,49,9180,9500,11000,12500,13500,320,1500,1500,1000,4320,
2974_001.7,49,9180,9500,11000,12000,13000,320,1500,1000,1000,3820,
2974_001.9,49,19256,20500,23000,24500,25000,1244,2500,1500,500,5744,
2974_002.0,49,19256,20500,22000,23000,24000,1244,1500,1000,1000,4744,
2974_002.5,49,13214,13500,14500,15500,16500,286,1000,1000,1000,3286,
2974_002.8,49,14942,15500,16500,17000,18000,558,1000,500,1000,3058,
2974_003.5,49,12030,12500,13000,13500,14500,470,500,500,1000,2470,
2974_003.8,49,7961,8300,8700,9500,9800,339,400,800,300,1839,
2974_004.1,49,7961,8000,8200,8400,8500,39,200,200,100,539,
2975_000.0,49,2233,2500,750,1000,1200,267,-1750,250,200,-1033,820 N Interchange in 2030
2975_000.4,49,2233,2500,2600,3000,3300,267,100,400,300,1067,
2975_000.7,49,2233,2700,5600,6200,6300,467,2900,600,100,4067,
2975_001.1,49,2233,2500,3400,18500,19000,267,900,15100,500,16767,
2975_002.1,49,2102,2300,2400,2500,2600,198,100,100,100,498,
2975_002.4,49,2102,2200,2300,2400,2500,98,100,100,100,398,
2976_000.0,49,5679,5700,6000,6800,7400,21,300,800,600,1721,
2976_000.7,49,5679,5800,6300,6900,7600,121,500,600,700,1921,
2976_001.0,49,5679,5700,5900,6500,7000,21,200,600,500,1321,
2977_000.0,49,500,550,600,650,700,50,50,50,50,200,
2977_000.5,49,500,550,600,650,700,50,50,50,50,200,
2978_000.0,49,31678,32000,32500,33000,36000,322,500,500,3000,4322,
2978_000.5,49,31678,32500,33500,34500,36000,822,1000,1000,1500,4322,
2979_000.0,49,500,2100,2200,5500,5800,1600,100,3300,300,5300,
2979_001.0,49,500,1000,1500,3400,3500,500,500,1900,100,3000,
2979_001.4,49,500,4000,4800,4900,5000,3500,800,100,100,4500,
2980_000.0,49,3733,3900,4400,4600,5300,167,500,200,700,1567,
2980_000.4,49,7256,7300,7400,7800,8600,44,100,400,800,1344,
2980_000.9,49,8076,8400,8700,9800,11000,324,300,1100,1200,2924,
2980_001.3,49,8076,8400,8600,9400,9800,324,200,800,400,1724,
2982_000.0,49,2537,3600,4400,4500,6600,1063,800,100,2100,4063,
2982_000.6,49,2537,3300,3800,4000,4900,763,500,200,900,2363,
2982_001.1,49,2537,2600,3000,3900,4500,63,400,900,600,1963,
2983_000.0,49,18783,19000,20000,20500,21000,217,1000,500,500,2217,
2983_000.5,49,20253,20500,18500,19000,19500,247,-2000,500,500,-753,820 N Interchange in 2030
2983_000.7,49,20534,19000,16500,17000,18000,-1534,-2500,500,1000,-2534,Lane reduction in 2024
2983_000.8,49,27717,25000,22000,22500,23000,-2717,-3000,500,500,-4717,Lane reduction in 2024
2983_001.1,49,15029,15000,14000,14500,15000,-29,-1000,500,500,-29,Lane reduction in 2024
2983_001.6,49,12797,13000,12500,13000,13500,203,-500,500,500,703,0
2983_001.7,49,12797,13000,12000,12500,13000,203,-1000,500,500,203,0
2983_002.1,49,12797,13000,13500,14000,14500,203,500,500,500,1703,
2986_000.0,49,900,1800,0,100,200,900,-1800,100,100,-700,1200 W Widening in 2030
2986_000.5,49,900,1700,0,100,200,800,-1700,100,100,-700,1200 W Widening in 2030
2986_001.0,49,900,950,1100,1200,1400,50,150,100,200,500,
2986_001.5,49,900,1000,1100,1200,1300,100,100,100,100,400,
2986_002.0,49,900,1300,1400,2000,2100,400,100,600,100,1200,
2986_002.5,49,900,1200,1300,1700,1900,300,100,400,200,1000,
2986_003.0,49,900,1100,1300,2700,3000,200,200,1400,300,2100,
2987_000.0,49,1000,1500,2400,2800,4400,500,900,400,1600,3400,
2987_000.6,49,1000,1900,2100,4500,4700,900,200,2400,200,3700,
2987_001.2,49,500,4600,6600,8000,9700,4100,2000,1400,1700,9200,
2987_001.7,49,500,2600,1500,1600,1700,2100,-1100,100,100,1200,New parallel corridor in 2024
2987_002.3,49,500,2300,2400,1000,1400,1800,100,-1400,400,900,New arterial west of I-15 in 2030
2987_003.2,49,500,1100,2300,0,600,600,1200,-2300,600,100,New arterial west of I-15 in 2030
2988_000.3,49,1000,1500,3800,5000,7500,500,2300,1200,2500,6500,
2988_001.5,49,1000,1200,2300,5700,12500,200,1100,3400,6800,11500,
2990_000.0,49,3778,5000,5700,6100,7000,1222,700,400,900,3222,
2990_000.3,49,3778,5200,5500,5900,7200,1422,300,400,1300,3422,
2990_000.4,49,5935,7100,7300,7700,8400,1165,200,400,700,2465,
2990_000.8,49,3000,3400,3700,4100,4400,400,300,400,300,1400,
2991_000.0,49,500,600,650,1000,1300,100,50,350,300,800,
2991_000.7,49,500,550,600,650,750,50,50,50,100,250,
2991_001.2,49,500,650,700,800,850,150,50,100,50,350,
2993_000.0,49,500,3400,5600,2600,2700,2900,2200,-3000,100,2200,"New 820 N Interchange in 2030, Independence Ave Connector in 2040"
2993_000.7,49,500,1500,3000,1500,1500,1000,1500,-1500,0,1000,"New 820 N Interchange in 2030, Independence Ave Connector in 2040"
2994_000.0,49,5114,5200,5300,5300,5400,86,100,0,100,286,
2994_000.7,49,3211,3300,3300,3300,3400,89,0,0,100,189,
2995_000.0,49,540,600,650,700,750,60,50,50,50,210,
2995_001.1,49,1112,1300,1400,1500,1600,188,100,100,100,488,
2995_002.6,49,1051,1400,1800,2300,2400,349,400,500,100,1349,
2995_003.7,49,1051,1300,1500,1500,1600,249,200,0,100,549,
2996_000.0,49,12427,13000,13000,13500,14500,573,0,500,1000,2073,
2996_000.1,49,12427,12500,12500,13000,13000,73,0,500,0,573,
2996_000.3,49,12427,12500,12500,13000,13000,73,0,500,0,573,
2998_000.0,49,2355,2600,3000,51000,95000,245,400,48000,44000,92645,
2998_000.5,49,2355,2300,0,0,0,-55,-2300,0,0,-2355,Realigned in 2024
2998_000.8,49,1000,1100,1400,2000,5700,100,300,600,3700,4700,
2998_001.5,49,1000,1100,1200,1300,1400,100,100,100,100,400,
2998_002.3,49,1000,1300,1300,1400,1500,300,0,100,100,500,
2999_000.0,49,13609,14000,15500,16500,17000,391,1500,1000,500,3391,
2999_000.3,49,13609,14000,15500,16000,16500,391,1500,500,500,2891,
2999_000.6,49,13609,14000,14500,14500,15000,391,500,0,500,1391,
2999_001.3,49,13609,14000,14500,14500,15000,391,500,0,500,1391,
2999_001.5,49,3157,3400,4300,4500,4500,243,900,200,0,1343,
2999_003.4,49,3157,3300,3900,4000,4100,143,600,100,100,943,
2999_003.8,49,3157,3500,3600,3800,4000,343,100,200,200,843,
3000_000.0,49,4328,5400,6600,8200,11000,1072,1200,1600,2800,6672,
3000_000.4,49,4328,5600,8900,10500,13500,1272,3300,1600,3000,9172,
3000_001.1,49,3157,4400,4500,4900,5700,1243,100,400,800,2543,
3002_000.4,49,4200,4600,4800,5400,5900,400,200,600,500,1700,
3002_000.9,49,4200,5000,6200,6700,7900,800,1200,500,1200,3700,
3004_000.4,49,1554,1700,1800,1900,2300,146,100,100,400,746,
3004_000.9,49,1554,1900,3500,4800,17000,346,1600,1300,12200,15446,
3004_001.1,49,5018,6700,7100,7700,16500,1682,400,600,8800,11482,
3004_002.1,49,18107,18500,19000,16000,18500,393,500,-3000,2500,393,New 820 N Interchange in 2030
3004_002.3,49,18107,18500,19000,15500,17500,393,500,-3500,2000,-607,New 820 N Interchange in 2030
3004_002.5,49,10404,10500,11000,11000,11000,96,500,0,0,596,
3004_003.2,49,8556,8700,8800,9000,9100,144,100,200,100,544,
3004_003.3,49,5096,5200,5200,5400,5600,104,0,200,200,504,
3004_003.5,49,3265,3400,3600,3900,4000,135,200,300,100,735,
3004_004.2,49,3265,3500,3800,4400,4600,235,300,600,200,1335,
3006_000.0,49,9411,11000,0,0,0,1589,-11000,0,0,-9411,New 820 N Interchange in 2030
3006_000.4,49,6521,7400,32000,32000,32500,879,24600,0,500,25979,
3006_000.8,49,6521,7200,28000,28000,29500,679,20800,0,1500,22979,
3006_001.6,49,12103,14000,31000,32000,32500,1897,17000,1000,500,20397,
3006_001.9,49,9397,11000,23500,24500,24500,1603,12500,1000,0,15103,
3007_000.0,49,500,1300,3000,3900,6500,800,1700,900,2600,6000,
3008_000.0,49,3157,3200,4700,4700,4800,43,1500,0,100,1643,
3008_000.6,49,10400,10500,10500,10500,11000,100,0,0,500,600,
3008_001.0,49,10400,11000,8600,9900,10000,600,-2400,1300,100,-400,New 820 N Interchange in 2030
3008_001.3,49,10400,10500,9800,10000,10500,100,-700,200,500,100,New 820 N Interchange in 2030
3008_001.5,49,10400,10500,9700,9900,10000,100,-800,200,100,-400,New 820 N Interchange in 2030
3010_000.0,49,2025,2200,2300,2400,2600,175,100,100,200,575,
3010_000.3,49,2025,2100,2200,2300,2400,75,100,100,100,375,
3010_000.8,49,2025,2100,2200,2300,2400,75,100,100,100,375,
3010_001.3,49,2025,2100,2200,2300,2400,75,100,100,100,375,
3010_001.5,49,549,650,750,850,950,101,100,100,100,401,
3011_000.0,49,1096,1100,1200,1300,1300,4,100,100,0,204,
3012_000.0,49,5033,5300,5300,2200,2600,267,0,-3100,400,-2433,Independence Connection in 2040
3012_000.5,49,5033,5200,5800,4700,5200,167,600,-1100,500,167,Independence Connection in 2040
3012_001.1,49,6713,6800,6900,5900,6000,87,100,-1000,100,-713,Independence Connection in 2040
3012_001.3,49,20932,21000,21500,21500,22000,68,500,0,500,1068,
3012_001.5,49,12007,12500,12500,13000,13500,493,0,500,500,1493,
3014_000.0,49,1189,1900,2200,3900,5500,711,300,1700,1600,4311,
3014_001.2,49,8761,9200,9400,11500,12500,439,200,2100,1000,3739,
3014_001.4,49,8761,9100,9200,9500,10500,339,100,300,1000,1739,
3015_000.0,49,7485,8300,8800,9700,11500,815,500,900,1800,4015,
3015_000.9,49,13101,14500,19500,20500,21500,1399,5000,1000,1000,8399,
3015_001.4,49,14575,15000,17000,17500,18000,425,2000,500,500,3425,
3015_001.9,49,7850,8200,9100,10000,10500,350,900,900,500,2650,
3015_002.4,49,8225,9000,11000,12000,12500,775,2000,1000,500,4275,
3015_003.0,49,9576,10000,11500,12500,14500,424,1500,1000,2000,4924,
3015_003.5,49,9576,10500,11000,11500,12000,924,500,500,500,2424,
3017_000.0,49,500,600,700,800,1100,100,100,100,300,600,
3020_000.0,49,11828,12000,14000,14500,15000,172,2000,500,500,3172,
3020_000.3,49,11828,12000,14500,15000,15500,172,2500,500,500,3672,
3020_000.6,49,19777,20000,21500,22000,22500,223,1500,500,500,2723,
3020_001.2,49,25161,26000,26500,27000,27500,839,500,500,500,2339,
3020_001.4,49,25161,25500,27000,27500,28000,339,1500,500,500,2839,
3020_001.7,49,25161,25500,26000,26500,27000,339,500,500,500,1839,
3020_001.9,49,27148,27500,28000,28500,29000,352,500,500,500,1852,
3020_002.2,49,27148,27500,28000,28500,29000,352,500,500,500,1852,
3020_002.4,49,27148,27500,28000,28500,28500,352,500,500,0,1352,
3020_002.6,49,27148,27500,28000,28500,29000,352,500,500,500,1852,
3020_002.7,49,14699,15000,16000,17000,17500,301,1000,1000,500,2801,
3020_003.2,49,21655,22000,22500,23000,23500,345,500,500,500,1845,
3020_003.3,49,17770,18500,20000,21000,22500,730,1500,1000,1500,4730,
3020_003.5,49,17770,18000,19000,19500,20500,230,1000,500,1000,2730,
3022_000.0,49,19801,20000,14000,14000,17500,199,-6000,0,3500,-2301,New 820 N Interchange in 2030
3022_000.1,49,22202,22500,16000,16500,19000,298,-6500,500,2500,-3202,New 820 N Interchange in 2030
3022_000.4,49,14807,15000,13500,14000,14500,193,-1500,500,500,-307,New 820 N Interchange in 2030
3024_000.3,49,3157,4300,4300,4500,7800,1143,0,200,3300,4643,
3024_000.5,49,3157,3700,0,1500,1800,543,-3700,1500,300,-1357,New 820 N Interchange in 2030
3024_000.7,49,3157,3400,950,1900,2000,243,-2450,950,100,-1157,New 820 N Interchange in 2030
3026_000.0,49,1112,1200,1300,1400,1400,88,100,100,0,288,
3026_001.2,49,1112,1200,1300,1400,1400,88,100,100,0,288,
3029_000.0,49,11362,12000,12500,13000,13500,638,500,500,500,2138,
3030_000.0,49,10064,10500,6900,7300,7600,436,-3600,400,300,-2464,New 820 N Interchange in 2030
3030_000.6,49,8008,8100,9500,9600,9800,92,1400,100,200,1792,
3030_000.8,49,4597,4700,5500,5900,6100,103,800,400,200,1503,
3031_000.0,49,5349,5600,5700,5800,5900,251,100,100,100,551,
3031_000.4,49,885,1000,1100,1300,1400,115,100,200,100,515,
3031_002.2,49,3502,3600,3700,4000,4000,98,100,300,0,498,
3031_003.1,49,3210,3500,3700,4200,4400,290,200,500,200,1190,
3032_000.0,49,5121,5500,5600,5800,6400,379,100,200,600,1279,
3032_000.3,49,5952,6000,6500,7500,7600,48,500,1000,100,1648,
3032_000.5,49,5952,6000,6300,6800,6900,48,300,500,100,948,
3032_000.7,49,5952,6000,6300,7100,7100,48,300,800,0,1148,
3032_000.9,49,5952,6000,7500,8000,10000,48,1500,500,2000,4048,
3032_001.0,49,8657,8700,9100,9400,9400,43,400,300,0,743,
3033_000.0,49,7876,8100,8800,6800,7400,224,700,-2000,600,-476,New arterial west of I-15 in 2030
3034_000.0,49,1112,1400,1800,11500,11500,288,400,9700,0,10388,
3034_000.8,49,1112,1400,1900,10500,11500,288,500,8600,1000,10388,
3034_001.0,49,7500,8000,8600,20000,20500,500,600,11400,500,13000,
3035_000.0,49,8539,8900,6900,8800,9300,361,-2000,1900,500,761,New US-6 connection in 2030
3035_000.3,49,3482,4400,5500,11500,13000,918,1100,6000,1500,9518,
3035_000.9,49,3482,4200,4700,8000,8800,718,500,3300,800,5318,
3035_001.4,49,1000,1400,1500,2600,3900,400,100,1100,1300,2900,
3035_003.2,49,1000,5700,7100,9300,10500,4700,1400,2200,1200,9500,
3037_000.0,49,500,900,1400,2200,2900,400,500,800,700,2400,
3038_000.0,49,1000,1200,1400,1600,1700,200,200,200,100,700,
3038_000.4,49,1000,1600,2000,2700,3300,600,400,700,600,2300,
3038_000.8,49,1000,1400,2000,3600,5400,400,600,1600,1800,4400,
3038_001.1,49,1000,1400,2100,4700,6700,400,700,2600,2000,5700,
3038_001.3,49,1813,2100,3300,4800,5200,287,1200,1500,400,3387,
3039_000.0,49,500,700,800,1200,1300,200,100,400,100,800,
3039_000.2,49,500,650,950,1400,2400,150,300,450,1000,1900,
3039_000.6,49,500,600,700,1000,1400,100,100,300,400,900,
3039_001.7,49,500,550,600,700,800,50,50,100,100,300,
3040_000.0,49,12108,13000,15500,16000,16500,892,2500,500,500,4392,
3040_000.2,49,10533,11000,11500,12500,13000,467,500,1000,500,2467,
3040_000.6,49,9672,9800,10000,10500,11000,128,200,500,500,1328,
3040_001.1,49,9672,10000,10500,11000,11500,328,500,500,500,1828,
3040_002.5,49,6254,6800,7200,8200,8300,546,400,1000,100,2046,
3040_003.3,49,3856,4300,4700,5400,5500,444,400,700,100,1644,
3041_000.0,49,500,550,900,1100,1300,50,350,200,200,800,
3042_000.0,49,8798,9300,9700,9800,10000,502,400,100,200,1202,
3042_000.3,49,8798,9100,9300,9400,9500,302,200,100,100,702,
3042_000.5,49,14330,14500,16500,17000,17500,170,2000,500,500,3170,
3042_000.8,49,18238,18500,20000,20500,21000,262,1500,500,500,2762,
3042_001.0,49,18238,18500,19500,20000,20500,262,1000,500,500,2262,
3042_001.3,49,18842,19000,19500,20000,20500,158,500,500,500,1658,
3042_001.5,49,18842,19000,19000,19500,19500,158,0,500,0,658,
3042_001.6,49,18344,18500,19500,20000,20500,156,1000,500,500,2156,
3042_002.0,49,16093,17000,17500,17500,18000,907,500,0,500,1907,
3042_002.5,49,5997,6200,6800,8000,8400,203,600,1200,400,2403,
3044_000.0,49,4175,4300,4400,4700,5500,125,100,300,800,1325,
3044_000.2,49,4175,4400,4900,5400,6300,225,500,500,900,2125,
3050_000.0,49,8518,8600,16000,16500,17000,82,7400,500,500,8482,
3050_000.6,49,8518,8600,8700,8800,8900,82,100,100,100,382,
3050_000.8,49,8518,8600,8700,8800,8900,82,100,100,100,382,
3054_000.0,49,2996,4000,5900,7200,10000,1004,1900,1300,2800,7004,
3056_000.0,49,6130,6300,6600,7100,7300,170,300,500,200,1170,
3056_001.3,49,915,1000,1100,1300,1400,85,100,200,100,485,
3058_000.0,49,5405,5500,5500,5600,5600,95,0,100,0,195,
3059_000.0,49,500,700,950,1300,1400,200,250,350,100,900,
3059_000.1,49,500,650,800,10500,14500,150,150,9700,4000,14000,
3059_000.6,49,500,550,1900,14500,20000,50,1350,12600,5500,19500,
3060_000.0,49,565,750,900,1100,1200,185,150,200,100,635,
3061_000.0,49,108,700,1200,2600,3700,592,500,1400,1100,3592,
3061_000.5,49,108,400,1400,2700,3700,292,1000,1300,1000,3592,
3061_001.0,49,108,250,7100,7800,13000,142,6850,700,5200,12892,
3061_001.4,49,108,250,6500,6800,11500,142,6250,300,4700,11392,
3062_000.0,49,15738,18500,22500,23500,25500,2762,4000,1000,2000,9762,
3062_000.3,49,15738,18500,22000,23000,24000,2762,3500,1000,1000,8262,
3062_000.6,49,15738,18500,22000,22500,23500,2762,3500,500,1000,7762,
3062_000.7,49,15738,17000,20500,21000,21500,1262,3500,500,500,5762,
3062_001.1,49,15738,17500,18500,19000,19500,1762,1000,500,500,3762,
3062_001.2,49,1000,2300,4200,4400,6900,1300,1900,200,2500,5900,
3062_001.3,49,1000,1500,1600,1900,3000,500,100,300,1100,2000,
3063_000.0,49,500,550,600,650,700,50,50,50,50,200,
3063_000.8,49,500,700,800,900,1000,200,100,100,100,500,
3064_000.0,49,2950,3100,3200,3300,3400,150,100,100,100,450,
3064_000.4,49,2950,3200,3300,3400,3500,250,100,100,100,550,
3065_000.0,49,1000,1400,1500,1600,1700,400,100,100,100,700,
3067_000.0,49,1060,1100,1200,1300,1400,40,100,100,100,340,
3067_000.3,49,1060,1100,1200,1300,1400,40,100,100,100,340,
3067_000.6,49,2602,2700,2800,2900,3000,98,100,100,100,398,
3067_001.0,49,2602,2700,2800,2900,3000,98,100,100,100,398,
3069_000.0,49,500,1200,2800,3500,4200,700,1600,700,700,3700,
3069_001.1,49,500,850,1300,2800,3600,350,450,1500,800,3100,
3070_000.0,49,755,1000,1100,1200,1300,245,100,100,100,545,
3071_000.0,49,500,550,650,750,800,50,100,100,50,300,
3071_000.8,49,500,500,550,650,750,0,50,100,100,250,
3071_001.8,49,500,1000,1500,2500,3000,500,500,1000,500,2500,
3071_002.1,49,500,800,2500,4600,5400,300,1700,2100,800,4900,
3080_000.0,49,15739,16000,16500,17500,19500,261,500,1000,2000,3761,
3080_000.4,49,14936,15000,15500,16000,17000,64,500,500,1000,2064,
3082_000.0,49,3065,3100,3100,3300,3400,35,0,200,100,335,
3084_000.0,49,8840,9200,9700,10500,11000,360,500,800,500,2160,
3084_000.5,49,8840,9300,10500,11000,11000,460,1200,500,0,2160,
3084_000.9,49,5955,6500,6800,6800,7000,545,300,0,200,1045,
3084_001.3,49,5521,6400,6600,6700,6800,879,200,100,100,1279,
3084_001.7,49,4444,5100,5600,6100,6200,656,500,500,100,1756,
3086_000.0,49,1459,1800,2100,6400,7600,341,300,4300,1200,6141,
3086_000.4,49,1459,1600,1800,2300,2600,141,200,500,300,1141,
3088_000.0,49,1892,1900,2000,2100,2200,8,100,100,100,308,
3090_000.0,49,1892,1900,2000,2300,2400,8,100,300,100,508,
3306_000.0,57,6156,6700,7700,9700,10500,544,1000,2000,800,4344,
3306_004.8,57,6472,6600,8100,11000,14000,128,1500,2900,3000,7528,
3306_005.5,57,6472,6600,7900,11000,15500,128,1300,3100,4500,9028,
3308_000.0,57,12223,12500,12500,12500,13000,277,0,0,500,777,
3308_000.5,57,12223,12500,12500,13000,13000,277,0,500,0,777,
3308_001.5,57,13213,13500,13500,14000,14500,287,0,500,500,1287,
3308_002.0,57,13213,13500,14000,14500,14500,287,500,500,0,1287,
3308_002.5,57,15230,15500,16000,16500,17500,270,500,500,1000,2270,
3308_002.7,57,15230,15500,16000,16500,17000,270,500,500,500,1770,
3310_000.0,57,7820,7900,5600,5900,6400,80,-2300,300,500,-1420,1800 N Interchange in 2030
3310_000.5,57,7820,8200,4200,4600,5100,380,-4000,400,500,-2720,1800 N Interchange in 2030
3311_000.0,57,4733,4800,5000,6000,6500,67,200,1000,500,1767,
3315_000.0,57,10065,11000,13000,14500,17500,935,2000,1500,3000,7435,
3315_000.6,57,10065,10500,11500,13000,15000,435,1000,1500,2000,4935,
3316_000.0,57,7279,7400,7700,8600,9400,121,300,900,800,2121,
3316_000.6,57,9991,10500,11000,12000,13000,509,500,1000,1000,3009,
3316_000.8,57,9991,10000,10000,10500,11000,9,0,500,500,1009,
3316_001.6,57,11540,12000,12000,12500,13000,460,0,500,500,1460,
3316_001.7,57,10180,11000,11500,12500,13500,820,500,1000,1000,3320,
3316_001.8,57,10180,11000,11500,12500,13500,820,500,1000,1000,3320,
3318_000.0,57,10594,11000,11000,12000,12000,406,0,1000,0,1406,
3320_000.0,57,0,30,150,250,650,30,120,100,400,650,
3320_000.3,57,0,150,350,400,500,150,200,50,100,500,
3320_000.8,57,0,0,50,50,100,0,50,0,50,100,
3320_001.8,57,0,150,350,400,550,150,200,50,150,550,
3320_002.4,57,0,150,300,300,400,150,150,0,100,400,
3322_000.0,57,2588,3200,3800,4800,5700,612,600,1000,900,3112,
3327_000.4,57,509,1300,1900,3000,4100,791,600,1100,1100,3591,
3328_000.0,57,16366,16500,16500,17000,17500,134,0,500,500,1134,
3328_000.6,57,12898,13000,13000,13500,14000,102,0,500,500,1102,
3328_001.0,57,12898,13000,13500,14000,14000,102,500,500,0,1102,
3328_001.2,57,8396,8600,8800,9300,9600,204,200,500,300,1204,
3330_000.0,57,6288,6400,6500,6500,6500,112,100,0,0,212,
3336_000.0,57,2761,3100,3400,3500,3700,339,300,100,200,939,
3340_000.0,57,1117,1200,1300,1600,1600,83,100,300,0,483,
3340_000.8,57,1591,1900,2300,2400,2500,309,400,100,100,909,
3342_000.0,57,108,250,350,650,950,142,100,300,300,842,
3344_000.0,57,2939,3500,4100,4100,4200,561,600,0,100,1261,
3344_001.5,57,2939,3400,3600,3700,4200,461,200,100,500,1261,
3344_002.2,57,3568,4200,4600,4900,5000,632,400,300,100,1432,
3345_000.0,57,509,750,950,1300,1600,241,200,350,300,1091,
3346_000.0,57,2712,3100,3300,3700,3900,388,200,400,200,1188,
3346_000.8,57,2712,3400,4000,4200,4300,688,600,200,100,1588,
3346_001.0,57,2712,3700,4200,4500,4700,988,500,300,200,1988,
3347_000.0,57,509,650,800,1000,1200,141,150,200,200,691,
3347_000.7,57,509,650,800,1000,1200,141,150,200,200,691,
3348_000.0,57,4807,4900,5300,5400,5500,93,400,100,100,693,
3348_000.8,57,4807,5100,5300,5400,5500,293,200,100,100,693,
3350_000.0,57,3098,3100,3200,3200,3300,2,100,0,100,202,
3350_000.3,57,3098,3100,3100,3100,3200,2,0,0,100,102,
3354_000.0,57,26295,27000,28000,29000,29500,705,1000,1000,500,3205,
3354_000.5,57,19871,20000,20500,21000,22500,129,500,500,1500,2629,
3354_000.5,57,19871,20000,20500,21000,22500,129,500,500,1500,2629,
3354_000.6,57,19871,20000,20500,21000,22500,129,500,500,1500,2629,
3354_001.4,57,23017,23500,23500,24000,25000,483,0,500,1000,1983,
3354_001.7,57,2732,2800,2900,3000,3100,68,100,100,100,368,
3354_002.6,57,9133,9400,9800,10000,10500,267,400,200,500,1367,
3354_003.7,57,11268,13500,14500,16000,18000,2232,1000,1500,2000,6732,
3354_004.1,57,11268,12000,12500,13000,14000,732,500,500,1000,2732,
3355_000.0,57,115,150,150,500,550,35,0,350,50,435,
3355_000.5,57,115,200,300,450,3600,85,100,150,3150,3485,
3355_001.0,57,115,350,400,750,1100,235,50,350,350,985,
3356_000.0,57,11823,13000,13000,13500,13500,1177,0,500,0,1677,
3356_000.1,57,11823,13000,14000,15000,15500,1177,1000,1000,500,3677,
3356_000.3,57,18986,20500,22000,23000,24000,1514,1500,1000,1000,5014,
3356_000.4,57,16551,17000,18000,18000,18500,449,1000,0,500,1949,
3356_000.6,57,16551,17000,17500,17500,18000,449,500,0,500,1449,
3356_001.2,57,14614,15500,16500,17000,18000,886,1000,500,1000,3386,
3356_001.4,57,14614,15500,16000,16000,16500,886,500,0,500,1886,
3357_000.0,57,1546,1800,2100,2100,2600,254,300,0,500,1054,
3357_000.7,57,1546,1600,1700,1800,3300,54,100,100,1500,1754,
3358_000.0,57,5517,5800,7700,8100,8400,283,1900,400,300,2883,
3358_000.9,57,3157,3300,4600,5100,5500,143,1300,500,400,2343,
3358_001.4,57,3157,3400,4600,5100,5400,243,1200,500,300,2243,
3358_001.9,57,3157,3600,4600,5000,5300,443,1000,400,300,2143,
3358_002.9,57,3157,3200,4500,5100,5500,43,1300,600,400,2343,
3358_003.9,57,3157,3300,3700,4800,4900,143,400,1100,100,1743,
3359_000.0,57,1578,1700,1800,1900,2900,122,100,100,1000,1322,
3359_000.5,57,1578,1600,1700,1800,1900,22,100,100,100,322,
3359_000.8,57,581,600,700,800,900,19,100,100,100,319,
3360_000.0,57,2436,3300,3800,4400,5100,864,500,600,700,2664,
3360_000.7,57,2436,3200,3500,4100,4500,764,300,600,400,2064,
3360_000.9,57,3894,4500,5000,5100,5400,606,500,100,300,1506,
3360_001.1,57,3894,4100,4900,5000,5300,206,800,100,300,1406,
3360_001.4,57,3894,4300,4600,4900,5400,406,300,300,500,1506,
3360_001.7,57,3638,4000,4300,5000,5400,362,300,700,400,1762,
3360_002.0,57,3638,4000,4300,5000,5400,362,300,700,400,1762,
3360_002.1,57,3638,4100,4500,5300,5500,462,400,800,200,1862,
3360_002.3,57,2441,2600,2800,3000,3100,159,200,200,100,659,
3360_002.7,57,2441,2600,2800,2900,3000,159,200,100,100,559,
3361_000.0,57,1794,2200,2500,2700,3000,406,300,200,300,1206,
3361_000.2,57,1794,2500,3600,4700,5600,706,1100,1100,900,3806,
3361_000.9,57,1794,2700,3900,4600,5100,906,1200,700,500,3306,
3361_001.0,57,4334,5300,6100,6700,7000,966,800,600,300,2666,
3361_001.3,57,4334,5200,5900,6400,6700,866,700,500,300,2366,
3361_001.6,57,4334,5100,6000,6400,6900,766,900,400,500,2566,
3361_001.9,57,5128,6100,6400,7900,8200,972,300,1500,300,3072,
3361_002.2,57,5128,6000,6300,7700,7900,872,300,1400,200,2772,
3361_002.3,57,5128,5900,6500,7400,7800,772,600,900,400,2672,
3361_002.5,57,2386,2900,3700,4100,4300,514,800,400,200,1914,
3361_002.9,57,2386,2600,2700,2800,2900,214,100,100,100,514,
3362_000.0,57,1744,1900,2100,2300,3300,156,200,200,1000,1556,
3362_000.5,57,1744,1900,2100,2400,4400,156,200,300,2000,2656,
3362_001.5,57,593,1100,1200,1500,1700,507,100,300,200,1107,
3362_002.5,57,593,1000,1200,1900,2000,407,200,700,100,1407,
3363_000.0,57,1018,1800,5500,6500,7500,782,3700,1000,1000,6482,
3363_000.5,57,1018,1500,4000,5000,5900,482,2500,1000,900,4882,
3364_000.0,57,6380,6400,6500,6600,6700,20,100,100,100,320,
3364_000.5,57,6380,6400,6500,6600,6800,20,100,100,200,420,
3364_001.5,57,6380,6400,6500,6600,6700,20,100,100,100,320,
3364_002.5,57,6380,6400,6700,7200,7300,20,300,500,100,920,
3366_000.0,57,3482,4300,4500,5000,5100,818,200,500,100,1618,
3366_000.5,57,3482,4000,4600,4700,4900,518,600,100,200,1418,
3366_001.5,57,3482,4400,4600,4900,5000,918,200,300,100,1518,
3366_002.1,57,3482,4500,4800,4900,5100,1018,300,100,200,1618,
3366_002.5,57,3482,3700,4000,4200,4400,218,300,200,200,918,
3367_000.0,57,1018,1100,1300,1600,1800,82,200,300,200,782,
3367_001.0,57,1018,1200,1500,1700,1900,182,300,200,200,882,
3368_000.0,57,0,0,11000,11500,12000,0,11000,500,500,12000,
3368_000.5,57,0,3400,3500,3800,4300,3400,100,300,500,4300,
3368_001.2,57,5517,5600,5700,6600,7400,83,100,900,800,1883,
3368_001.7,57,5517,6700,8500,8900,10000,1183,1800,400,1100,4483,
3368_002.7,57,6521,6900,7000,7800,8000,379,100,800,200,1479,
3368_004.0,57,6806,7000,7100,7200,7300,194,100,100,100,494,
3370_000.0,57,1527,1700,2300,2700,3400,173,600,400,700,1873,
3371_000.0,57,1018,1300,1600,2000,2200,282,300,400,200,1182,
3371_002.3,57,1018,1500,2000,2600,3300,482,500,600,700,2282,
3374_000.0,57,1454,1600,1700,1900,2500,146,100,200,600,1046,
3374_002.4,57,1454,1600,1700,1800,2000,146,100,100,200,546,
3374_003.3,57,1454,1700,2100,2300,2600,246,400,200,300,1146,
3380_000.0,57,9963,10500,11000,11500,12000,537,500,500,500,2037,
3380_000.1,57,9963,10500,11000,11500,12000,537,500,500,500,2037,
3380_000.6,57,6151,6700,6800,7900,8000,549,100,1100,100,1849,
3381_000.0,57,4790,7900,10500,15000,16000,3110,2600,4500,1000,11210,
3382_000.0,57,6195,7400,7900,8400,8900,1205,500,500,500,2705,
3384_000.0,57,3799,3800,3900,4000,4100,1,100,100,100,301,
3384_000.1,57,3799,3900,3900,3900,4000,101,0,0,100,201,
3384_000.3,57,3799,3900,4000,4100,4200,101,100,100,100,401,
3384_000.4,57,3799,3800,3800,3900,4000,1,0,100,100,201,
3384_000.6,57,3799,4100,4100,4200,4300,301,0,100,100,501,
3384_001.0,57,3799,3800,3800,3900,4100,1,0,100,200,301,
3384_001.6,57,3799,3800,3800,3900,3900,1,0,100,0,101,
3386_000.0,57,4263,4400,4400,4400,4500,137,0,0,100,237,
3386_000.1,57,4263,4600,4700,4800,5000,337,100,100,200,737,
3392_000.0,57,2207,2300,2600,2700,2800,93,300,100,100,593,
3394_000.0,57,2328,2400,2700,2800,2900,72,300,100,100,572,
3394_000.1,57,2328,2400,2700,2800,2900,72,300,100,100,572,
3394_000.4,57,2328,2400,2500,2600,2700,72,100,100,100,372,
3394_000.7,57,2328,2400,2600,2700,2800,72,200,100,100,472,
3398_000.0,57,2761,2900,3000,3100,3200,139,100,100,100,439,
3400_000.0,57,3589,3600,3700,3800,3900,11,100,100,100,311,
3400_000.1,57,3589,3600,3700,3900,4100,11,100,200,200,511,
3400_000.3,57,3589,3600,3900,4200,4300,11,300,300,100,711,
3400_000.4,57,5783,5900,6100,6200,6300,117,200,100,100,517,
3400_000.6,57,5783,5800,6000,6100,6200,17,200,100,100,417,
3400_001.0,57,3375,3400,3400,3400,3600,25,0,0,200,225,
3400_001.6,57,1018,1100,1100,1100,1200,82,0,0,100,182,
3402_000.0,57,509,1000,1300,1900,2400,491,300,600,500,1891,
3404_000.0,57,6085,6800,7300,7800,8800,715,500,500,1000,2715,
3404_000.6,57,3073,3600,4100,4800,5600,527,500,700,800,2527,
3404_000.9,57,2848,3600,4400,5000,5800,752,800,600,800,2952,
3404_001.2,57,2848,3500,4300,5000,5700,652,800,700,700,2852,
3404_001.5,57,2848,3600,4000,5200,5900,752,400,1200,700,3052,
3404_001.8,57,10851,11500,12000,12500,13500,649,500,500,1000,2649,
3404_002.1,57,10851,11500,12000,12500,13000,649,500,500,500,2149,
3404_002.4,57,7422,8300,9000,9900,10500,878,700,900,600,3078,
3404_003.1,57,7422,8300,9000,9800,10500,878,700,800,700,3078,
3404_003.5,57,11341,13000,14500,15500,18000,1659,1500,1000,2500,6659,
3404_003.8,57,11341,12500,14500,15000,18000,1159,2000,500,3000,6659,
3404_004.0,57,9681,11000,11500,12500,17000,1319,500,1000,4500,7319,
3404_004.5,57,7199,7900,8300,8500,12500,701,400,200,4000,5301,
3404_005.1,57,7199,7800,8100,8300,13000,601,300,200,4700,5801,
3404_005.8,57,978,1100,1200,1300,11000,122,100,100,9700,10022,
3404_006.6,57,0,1100,1200,1400,8900,1100,100,200,7500,8900,
3406_000.0,57,6191,6200,6200,6200,6200,9,0,0,0,9,
3406_000.5,57,3218,4200,5200,6600,8000,982,1000,1400,1400,4782,
3408_000.0,57,805,1100,1300,1700,2000,295,200,400,300,1195,
3408_000.6,57,805,1100,1300,1700,2000,295,200,400,300,1195,
3408_000.7,57,1056,1300,1400,1800,2100,244,100,400,300,1044,
3408_000.9,57,1056,1300,1400,1800,2100,244,100,400,300,1044,
3408_001.1,57,1056,1300,1400,1800,2100,244,100,400,300,1044,
3408_001.4,57,1056,1300,1400,1800,2100,244,100,400,300,1044,
3408_001.7,57,667,700,750,850,950,33,50,100,100,283,
3408_002.0,57,667,700,750,850,950,33,50,100,100,283,
3410_000.0,57,791,1000,1200,1300,1400,209,200,100,100,609,
3410_000.6,57,791,1300,1500,1700,2000,509,200,200,300,1209,
3410_000.7,57,993,1800,2100,2200,2300,807,300,100,100,1307,
3410_000.9,57,993,1200,1500,2000,2200,207,300,500,200,1207,
3410_001.1,57,993,1100,1100,1200,1300,107,0,100,100,307,
3410_001.4,57,993,1100,1100,1100,1200,107,0,0,100,207,
3410_001.7,57,993,1100,1100,1100,1200,107,0,0,100,207,
3410_002.0,57,993,1300,1300,1400,1600,307,0,100,200,607,
3412_000.0,57,6907,7000,7100,7100,7200,93,100,0,100,293,
3412_000.1,57,6907,7000,7000,7100,7100,93,0,100,0,193,
3412_000.3,57,6907,7000,7000,7100,7100,93,0,100,0,193,
3412_000.4,57,6907,7000,7000,7100,7100,93,0,100,0,193,
3412_000.6,57,6907,7100,7400,7500,7600,193,300,100,100,693,
3412_001.0,57,6907,7000,7200,8000,8200,93,200,800,200,1293,
3412_001.6,57,6907,7000,7000,7100,7200,93,0,100,100,293,
3414_000.0,57,5485,5900,7100,7300,8100,415,1200,200,800,2615,
3414_000.1,57,5485,5700,6400,7000,7900,215,700,600,900,2415,
3414_000.3,57,5485,5800,6200,6800,7800,315,400,600,1000,2315,
3416_000.0,57,10218,10500,11500,12000,12500,282,1000,500,500,2282,
3416_000.1,57,10218,10500,11500,12000,12500,282,1000,500,500,2282,
3416_000.3,57,10218,10500,11500,12000,12500,282,1000,500,500,2282,
3416_000.4,57,7591,8300,9300,9500,9600,709,1000,200,100,2009,
3416_000.6,57,7591,8600,9400,9400,9600,1009,800,0,200,2009,
3416_001.0,57,8317,8900,9200,9300,9400,583,300,100,100,1083,
3418_000.0,57,10629,11000,11500,12000,13000,371,500,500,1000,2371,
3424_000.0,57,2485,2600,2800,3000,3100,115,200,200,100,615,
3424_000.5,57,2485,2500,2500,2500,2700,15,0,0,200,215,
3424_000.9,57,2485,2600,2600,2700,2800,115,0,100,100,315,
3426_000.0,57,1381,1500,1600,1800,1900,119,100,200,100,519,
3426_000.3,57,1381,1400,1500,1600,1700,19,100,100,100,319,
3430_000.0,57,6188,6200,6200,6200,6300,12,0,0,100,112,
3430_000.4,57,6264,6300,6300,6500,6800,36,0,200,300,536,
3430_001.2,57,3550,3800,3900,4100,4900,250,100,200,800,1350,
3432_000.0,57,11629,12000,12500,12500,13000,371,500,0,500,1371,
3432_000.6,57,8303,8500,9600,10000,10500,197,1100,400,500,2197,
3432_001.0,57,9631,9700,10000,10500,11500,69,300,500,1000,1869,
3432_001.7,57,5497,5500,5600,5700,5800,3,100,100,100,303,
3434_000.0,57,1122,1300,1800,1900,2000,178,500,100,100,878,
3434_000.2,57,1122,1300,1900,2000,2100,178,600,100,100,978,
3434_000.4,57,1122,1200,1300,1500,1600,78,100,200,100,478,
3436_000.0,57,0,1000,1200,1500,1700,1000,200,300,200,1700,
3436_000.7,57,1786,2100,3300,3700,4000,314,1200,400,300,2214,
3436_001.3,57,2311,2400,3800,4100,4300,89,1400,300,200,1989,
3437_000.0,57,509,700,750,800,900,191,50,50,100,391,
3437_000.1,57,509,550,550,650,750,41,0,100,100,241,
3437_000.6,57,1018,1200,1200,1300,1400,182,0,100,100,382,
3438_000.0,57,12499,13500,14500,15000,15500,1001,1000,500,500,3001,
3438_000.5,57,12499,13500,14000,14500,15000,1001,500,500,500,2501,
3438_000.7,57,13844,15000,16000,16500,17000,1156,1000,500,500,3156,
3438_000.9,57,13844,15000,15500,16000,16500,1156,500,500,500,2656,
3438_001.2,57,6346,7300,8000,8500,8800,954,700,500,300,2454,
3438_001.7,57,6346,7200,7900,8300,8400,854,700,400,100,2054,
3438_002.5,57,8272,9200,11500,12000,12500,928,2300,500,500,4228,
3438_003.2,57,1891,2300,5400,5900,6000,409,3100,500,100,4109,
3438_004.7,57,0,500,2700,3000,3100,500,2200,300,100,3100,
3440_000.0,57,1051,1200,1700,1900,2000,149,500,200,100,949,
3440_000.4,57,1051,1200,1600,2100,2400,149,400,500,300,1349,
3440_001.6,57,1051,1200,1800,2500,5200,149,600,700,2700,4149,
3440_002.7,57,2443,2600,3900,4800,7000,157,1300,900,2200,4557,
3440_003.6,57,2443,2700,4300,5200,7700,257,1600,900,2500,5257,
3440_003.8,57,2443,2700,4400,6200,7100,257,1700,1800,900,4657,
3440_003.9,57,11652,12500,13000,13500,14500,848,500,500,1000,2848,
3440_004.8,57,1106,2700,4400,4500,5600,1594,1700,100,1100,4494,
3440_005.3,57,1106,2200,3700,3800,5000,1094,1500,100,1200,3894,
3440_005.8,57,1106,1200,1200,1300,1400,94,0,100,100,294,
3442_000.0,57,6280,6400,6600,6900,7100,120,200,300,200,820,
3442_001.3,57,6280,7100,8100,9000,9500,820,1000,900,500,3220,
3442_003.4,57,6503,6800,7100,7500,7800,297,300,400,300,1297,
3442_004.5,57,11201,11500,12500,13000,13500,299,1000,500,500,2299,
3444_000.0,57,1930,2200,2300,2400,2500,270,100,100,100,570,
3444_000.3,57,1930,2000,2100,2200,2300,70,100,100,100,370,
3446_000.0,57,2173,2200,2300,2300,2400,27,100,0,100,227,
3446_000.5,57,2173,2300,2700,2800,3200,127,400,100,400,1027,
3448_000.0,57,10764,11000,11500,12500,13500,236,500,1000,1000,2736,
3450_000.0,57,3538,3700,4000,4300,8800,162,300,300,4500,5262,
3450_000.5,57,2413,2600,2800,2900,3500,187,200,100,600,1087,
3451_000.0,57,509,550,700,850,950,41,150,150,100,441,
3452_000.0,57,13327,13500,13500,14000,14000,173,0,500,0,673,
3452_000.6,57,13327,13500,13500,14000,14000,173,0,500,0,673,
3452_000.7,57,13327,13500,13500,14000,14000,173,0,500,0,673,
3452_001.1,57,3597,3700,3800,3800,3900,103,100,0,100,303,
3453_000.0,57,5609,5800,6000,6300,6500,191,200,300,200,891,
3454_000.0,57,1106,1300,1400,1400,1500,194,100,0,100,394,
3454_000.6,57,1106,1300,1300,1400,1500,194,0,100,100,394,
3455_000.0,57,1018,1100,1100,1200,1300,82,0,100,100,282,
3455_000.6,57,1018,1100,1100,1100,1200,82,0,0,100,182,
3456_000.0,57,19704,21500,23000,24000,24500,1796,1500,1000,500,4796,
3456_000.1,57,16912,18000,18500,19000,19500,1088,500,500,500,2588,
3456_000.5,57,15614,16500,17000,17500,18000,886,500,500,500,2386,
3456_000.8,57,2545,2900,3300,3600,4000,355,400,300,400,1455,
3457_000.0,57,509,750,900,1000,1500,241,150,100,500,991,
3458_000.0,57,2349,2400,2600,2700,2800,51,200,100,100,451,
3458_001.5,57,2349,2400,2600,2600,2800,51,200,0,200,451,
3458_002.0,57,3550,3800,3900,4600,4900,250,100,700,300,1350,
3458_002.1,57,3550,4100,4600,5600,6100,550,500,1000,500,2550,
3459_000.0,57,509,600,650,750,800,91,50,100,50,291,
3459_000.1,57,509,900,1300,1800,1900,391,400,500,100,1391,
3459_001.0,57,509,850,1200,1800,1900,341,350,600,100,1391,
3462_000.0,57,4249,5000,3700,4500,4700,751,-1300,800,200,451,0
3462_000.2,57,4249,4400,3500,3700,3800,151,-900,200,100,-449,0
3462_001.3,57,5093,5700,5100,5300,5800,607,-600,200,500,707,0
3462_001.9,57,5093,5500,4100,4200,4300,407,-1400,100,100,-793,0
3462_002.3,57,2069,2200,250,400,550,131,-1950,150,150,-1519,0
3462_002.8,57,2069,2200,2400,2700,3000,131,200,300,300,931,
3465_000.0,57,509,1100,1300,1900,2000,591,200,600,100,1491,
3466_000.0,57,7480,7700,8000,8100,8600,220,300,100,500,1120,
3466_000.1,57,7480,8000,8700,8800,9200,520,700,100,400,1720,
3466_000.3,57,7480,7700,7800,7900,8000,220,100,100,100,520,
3470_000.0,57,1724,2100,2200,2900,3000,376,100,700,100,1276,
MAG_6000,49,0,0,0,0,0,0,0,0,0,0,
MAG_6001,49,0,0,0,0,800,0,0,0,800,800,
MAG_6002,49,0,900,1300,1800,3600,900,400,500,1800,3600,
MAG_6003,49,0,6100,7600,7900,8600,6100,1500,300,700,8600,
MAG_6004,49,0,1400,4200,5000,5800,1400,2800,800,800,5800,
MAG_6005,49,0,2300,8400,8700,10000,2300,6100,300,1300,10000,
MAG_6006,49,0,0,0,0,0,0,0,0,0,0,
MAG_6007,49,0,400,5900,6600,10000,400,5500,700,3400,10000,
MAG_6008,49,0,300,850,1300,1700,300,550,450,400,1700,
MAG_6009,49,0,200,550,1100,1300,200,350,550,200,1300,
MAG_6010,49,0,0,0,17000,17000,0,0,17000,0,17000,
MAG_6011,49,0,1000,1100,1300,1500,1000,100,200,200,1500,
MAG_6012,49,0,0,250,2000,2100,0,250,1750,100,2100,
MAG_6013,49,0,1500,1800,5100,5400,1500,300,3300,300,5400,
MAG_6014,49,0,14000,21500,27000,69000,14000,7500,5500,42000,69000,
MAG_6015,49,0,13500,24000,25500,73000,13500,10500,1500,47500,73000,
MAG_6016,49,0,1400,1400,1500,1500,1400,0,100,0,1500,
MAG_6017,49,2056,11500,12000,14500,16000,9444,500,2500,1500,13944,
MAG_6018,49,0,13500,24000,26500,73000,13500,10500,2500,46500,73000,
MAG_6019,49,0,8400,12500,10000,10500,8400,4100,-2500,500,10500,Pioneer Crossing Freeway in 2040
MAG_6020,49,0,0,27500,69500,78500,0,27500,42000,9000,78500,
MAG_6021,49,0,0,24000,20500,21000,0,24000,-3500,500,21000,Pioneer Crossing Freeway in 2040
MAG_6022,49,0,9300,10000,11000,11500,9300,700,1000,500,11500,
MAG_6023,49,0,0,2200,2800,3200,0,2200,600,400,3200,
MAG_6024,49,0,0,1700,3300,4300,0,1700,1600,1000,4300,
MAG_6025,49,0,0,1000,2100,2900,0,1000,1100,800,2900,
MAG_6026,49,0,9100,11000,12000,12500,9100,1900,1000,500,12500,
MAG_6028,49,0,18000,20500,25000,29500,18000,2500,4500,4500,29500,
MAG_6029,49,0,60,1900,3100,3900,60,1840,1200,800,3900,
MAG_6030,49,0,1000,1800,2300,3100,1000,800,500,800,3100,
MAG_6031,49,0,0,1400,1900,3300,0,1400,500,1400,3300,
MAG_6032,49,0,1800,7000,11500,9000,1800,5200,4500,-2500,9000,Freedom Blvd extension in 2040 and 2050
MAG_6033,49,0,7400,8800,9400,10500,7400,1400,600,1100,10500,
MAG_6034,49,0,0,0,3000,3200,0,0,3000,200,3200,
MAG_6035,49,0,1400,2100,3100,3500,1400,700,1000,400,3500,
MAG_6036,49,0,0,0,0,0,0,0,0,0,0,
MAG_6037,49,0,3300,6200,7300,9500,3300,2900,1100,2200,9500,
MAG_6038,49,0,0,0,0,1200,0,0,0,1200,1200,
MAG_6039,49,0,0,0,0,150,0,0,0,150,150,
MAG_6040,49,0,0,0,20,3600,0,0,20,3580,3600,
MAG_6041,49,0,0,13500,9500,10500,0,13500,-4000,1000,10500,Cedar Valley Fwy in 2040
MAG_6042,49,0,0,0,0,3100,0,0,0,3100,3100,
MAG_6043,49,0,0,20,250,6400,0,20,230,6150,6400,
MAG_6044,49,0,0,0,0,8700,0,0,0,8700,8700,
MAG_6045,49,0,0,100,5600,11000,0,100,5500,5400,11000,
MAG_6046,49,0,0,1100,2100,7800,0,1100,1000,5700,7800,
MAG_6047,49,0,0,20,250,5600,0,20,230,5350,5600,
MAG_6048,49,0,0,0,0,7400,0,0,0,7400,7400,
MAG_6049,49,0,0,4700,8300,8900,0,4700,3600,600,8900,
MAG_6050,49,0,0,0,0,5700,0,0,0,5700,5700,
MAG_6051,49,0,0,0,0,3100,0,0,0,3100,3100,
MAG_6052,49,0,0,4900,31000,36000,0,4900,26100,5000,36000,
MAG_6053,49,0,3400,10500,18500,29500,3400,7100,8000,11000,29500,
MAG_6054,49,0,4200,5700,8800,18000,4200,1500,3100,9200,18000,
MAG_6055,49,0,0,17500,28500,39500,0,17500,11000,11000,39500,
MAG_6056,49,0,0,650,1600,11000,0,650,950,9400,11000,
MAG_6058,49,0,0,8700,31500,39000,0,8700,22800,7500,39000,
MAG_6062,49,0,4500,2200,3600,5900,4500,-2300,1400,2300,5900,New Connections in 2030
MAG_6063,49,0,0,0,7400,10500,0,0,7400,3100,10500,
MAG_6064,49,0,0,0,1200,2000,0,0,1200,800,2000,
MAG_6065,49,0,0,0,10000,12500,0,0,10000,2500,12500,
MAG_6066,49,0,1800,4200,5200,5400,1800,2400,1000,200,5400,
MAG_6067,49,0,38000,96500,138000,178000,38000,58500,41500,40000,178000,
MAG_6068,49,0,0,100000,123000,147000,0,100000,23000,24000,147000,
MAG_6069,49,0,38000,73000,100000,118000,38000,35000,27000,18000,118000,
MAG_6070,49,0,0,10500,14000,17000,0,10500,3500,3000,17000,
MAG_6071,49,0,0,20000,27000,28500,0,20000,7000,1500,28500,
MAG_6073,49,0,0,16500,23500,25000,0,16500,7000,1500,25000,
MAG_6074,49,0,10,26000,34000,35500,10,25990,8000,1500,35500,
MAG_6075,49,0,13500,7900,19000,66000,13500,-5600,11100,47000,66000,New Pony Express Connection in 2030
MAG_6076,49,0,0,0,2400,3000,0,0,2400,600,3000,
MAG_6077,49,0,0,17000,8700,7500,0,17000,-8300,-1200,7500,New Pioneer Crossing Freeway in 2040
MAG_6078,49,0,0,18500,8700,6800,0,18500,-9800,-1900,6800,New Pioneer Crossing Freeway in 2040
MAG_6079,49,0,7400,11500,12000,5300,7400,4100,500,-6700,5300,Vineyard Connector Freeway in 2050
MAG_6081,49,0,0,0,16000,18000,0,0,16000,2000,18000,
MAG_6082,49,0,0,0,10500,13500,0,0,10500,3000,13500,
MAG_6083,49,0,650,1000,7200,8100,650,350,6200,900,8100,
MAG_6084,49,0,0,0,13000,14500,0,0,13000,1500,14500,
MAG_6085,49,0,0,0,1200,4400,0,0,1200,3200,4400,
MAG_6086,49,0,1100,3900,14500,18000,1100,2800,10600,3500,18000,
MAG_6087,49,0,0,0,0,7700,0,0,0,7700,7700,
MAG_6088,49,0,0,0,350,4400,0,0,350,4050,4400,
MAG_6089,49,0,0,0,600,6100,0,0,600,5500,6100,
MAG_6091,49,0,0,0,1700,8800,0,0,1700,7100,8800,
MAG_6092,49,0,650,6300,9300,9600,650,5650,3000,300,9600,
MAG_6093,49,0,0,0,700,6600,0,0,700,5900,6600,
MAG_6094,49,0,0,0,650,6800,0,0,650,6150,6800,
MAG_6095,49,0,0,0,2900,5600,0,0,2900,2700,5600,
MAG_6096,49,0,0,0,3600,4300,0,0,3600,700,4300,
MAG_6097,49,0,0,0,13500,18000,0,0,13500,4500,18000,
MAG_6098,49,0,0,0,1300,2700,0,0,1300,1400,2700,
MAG_6099,49,0,0,0,3700,4500,0,0,3700,800,4500,
MAG_6102,49,0,0,0,7800,13000,0,0,7800,5200,13000,
MAG_6104,49,0,8700,9000,10000,10500,8700,300,1000,500,10500,
MAG_6105,49,0,0,4100,12500,17000,0,4100,8400,4500,17000,
MAG_6110,49,0,0,0,0,5900,0,0,0,5900,5900,
MAG_6111,49,0,0,0,0,13500,0,0,0,13500,13500,
MAG_6112,49,0,0,7500,18000,33000,0,7500,10500,15000,33000,
MAG_6113,49,0,0,0,0,18500,0,0,0,18500,18500,
MAG_6114,49,0,0,5200,11500,26000,0,5200,6300,14500,26000,
MAG_6115,49,0,0,1400,3600,12500,0,1400,2200,8900,12500,
MAG_6116,49,0,5700,13500,11000,11500,5700,7800,-2500,500,11500,New Pioneer Crossing Freeway in 2040
MAG_6117,49,0,7800,38500,47500,50000,7800,30700,9000,2500,50000,
MAG_6120,49,0,0,0,0,16000,0,0,0,16000,16000,
MAG_6121,49,0,0,0,0,21500,0,0,0,21500,21500,
MAG_6122,49,0,5500,13500,19500,24000,5500,8000,6000,4500,24000,
MAG_6123,49,0,70,800,2500,8900,70,730,1700,6400,8900,
MAG_6124,49,0,3000,6100,12500,14500,3000,3100,6400,2000,14500,
MAG_6125,49,0,1100,6300,8500,9400,1100,5200,2200,900,9400,
MAG_6126,49,0,0,16000,23500,29500,0,16000,7500,6000,29500,
MAG_6127,49,0,0,0,600,7400,0,0,600,6800,7400,
MAG_6128,49,0,0,0,8100,12500,0,0,8100,4400,12500,
MAG_6129,49,0,7100,8100,11000,16000,7100,1000,2900,5000,16000,
MAG_6130,49,0,5700,7500,8500,6300,5700,1800,1000,-2200,6300,Nebo Beltway Extension in 2050
MAG_6131,49,0,7700,9200,13000,15000,7700,1500,3800,2000,15000,
MAG_6132,49,0,7700,9100,12500,13000,7700,1400,3400,500,13000,
MAG_6133,49,0,0,0,0,3400,0,0,0,3400,3400,
MAG_6135,49,0,0,0,8200,9600,0,0,8200,1400,9600,
MAG_6136,49,0,0,0,7300,49500,0,0,7300,42200,49500,
MAG_6137,49,0,0,12500,43500,69000,0,12500,31000,25500,69000,
MAG_6138,49,0,0,0,23500,57500,0,0,23500,34000,57500,
MAG_6139,49,0,45000,105000,135000,177000,45000,60000,30000,42000,177000,
MAG_6140,49,0,4500,4900,5700,6200,4500,400,800,500,6200,
MAG_6141,49,0,200,650,1600,2900,200,450,950,1300,2900,
MAG_6142,49,0,2500,3500,4500,5500,2500,1000,1000,1000,5500,
MAG_6143,49,0,0,0,42500,67000,0,0,42500,24500,67000,
MAG_6144,49,0,0,0,59000,106000,0,0,59000,47000,106000,
MAG_6145,49,0,0,3500,50500,95500,0,3500,47000,45000,95500,
MAG_6146,49,0,550,3700,49000,105000,550,3150,45300,56000,105000,
MAG_6147,49,0,850,4100,55000,105000,850,3250,50900,50000,105000,
MAG_6148,49,0,0,0,0,64500,0,0,0,64500,64500,
MAG_6149,49,0,11500,21000,31000,78500,11500,9500,10000,47500,78500,
MAG_6152,49,0,0,0,47500,81000,0,0,47500,33500,81000,
MAG_6153,49,0,0,0,46500,78000,0,0,46500,31500,78000,
MAG_6154,49,0,0,0,46000,67500,0,0,46000,21500,67500,
MAG_6156,49,0,0,0,34000,52500,0,0,34000,18500,52500,
MAG_6157,49,0,0,0,0,18000,0,0,0,18000,18000,
MAG_6161,49,0,0,300,300,400,0,300,0,100,400,
MAG_6162,49,0,3200,1700,2600,2900,3200,-1500,900,300,2900,0
MAG_6163,49,0,4300,6000,9200,6200,4300,1700,3200,-3000,6200,0
MAG_6164,49,500,19500,21000,23000,24500,19000,1500,2000,1500,24000,
MAG_6165,49,0,8500,9600,13000,10500,8500,1100,3400,-2500,10500,0
MAG_6166,49,0,0,200,300,300,0,200,100,0,300,
MAG_6167,49,0,1300,3000,48500,105000,1300,1700,45500,56500,105000,
MAG_6168,49,0,0,3900,49000,91000,0,3900,45100,42000,91000,
MAG_6169,49,0,0,16500,53000,60000,0,16500,36500,7000,60000,
MAG_6170,49,0,0,800,1800,26000,0,800,1000,24200,26000,
MAG_6171,49,0,0,12500,43500,69500,0,12500,31000,26000,69500,
MAG_6172,49,0,0,0,30000,61000,0,0,30000,31000,61000,
MAG_6173,49,0,0,0,0,35000,0,0,0,35000,35000,
MAG_6174,49,0,0,0,0,0,0,0,0,0,0,
MAG_6176,49,0,450,850,850,3300,450,400,0,2450,3300,
MAG_6177,49,0,150,200,1300,1400,150,50,1100,100,1400,
MAG_6178,49,0,300,450,2800,3000,300,150,2350,200,3000,
MAG_6179,49,0,50,50,50,850,50,0,0,800,850,
MAG_6180,49,0,250,300,350,1200,250,50,50,850,1200,
MAG_6181,49,0,0,0,9800,4500,0,0,9800,-5300,4500,0
MAG_6182,49,0,0,0,0,2400,0,0,0,2400,2400,
MAG_6183,49,0,2000,2600,5000,2700,2000,600,2400,-2300,2700,0
MAG_6184,49,0,0,0,0,3500,0,0,0,3500,3500,
MAG_6185,49,0,0,0,9100,14500,0,0,9100,5400,14500,
MAG_6187,49,0,0,20,60,150,0,20,40,90,150,
MAG_6188,49,0,0,0,0,700,0,0,0,700,700,
MAG_6190,49,0,0,0,4800,5300,0,0,4800,500,5300,
MAG_6191,49,0,400,650,950,3600,400,250,300,2650,3600,
MAG_6192,49,0,0,0,70,650,0,0,70,580,650,
MAG_6193,49,0,0,0,0,0,0,0,0,0,0,
MAG_6194,49,0,0,0,0,0,0,0,0,0,0,
MAG_6195,49,0,800,2000,3700,4500,800,1200,1700,800,4500,
MAG_6196,49,0,400,1300,1300,2000,400,900,0,700,2000,
MAG_6197,49,0,0,0,0,0,0,0,0,0,0,
MAG_6198,49,0,0,0,25500,36000,0,0,25500,10500,36000,
MAG_6199,49,0,0,3500,3600,4700,0,3500,100,1100,4700,
MAG_6200,49,0,250,3200,7100,9700,250,2950,3900,2600,9700,
MAG_6201,49,0,0,30,4800,6100,0,30,4770,1300,6100,
MAG_6202,49,0,0,0,0,0,0,0,0,0,0,
MAG_6203,49,0,0,0,0,0,0,0,0,0,0,
MAG_6204,49,0,1100,1900,3000,3500,1100,800,1100,500,3500,
MAG_6205,49,0,0,300,1200,2700,0,300,900,1500,2700,
MAG_6206,49,0,0,0,0,7100,0,0,0,7100,7100,
MAG_6207,49,0,0,0,0,0,0,0,0,0,0,
MAG_6208,49,0,0,0,80,1400,0,0,80,1320,1400,
MAG_6209,49,0,150,200,250,1800,150,50,50,1550,1800,
MAG_6210,49,0,0,0,80,3100,0,0,80,3020,3100,
MAG_6211,49,0,0,0,0,1400,0,0,0,1400,1400,
MAG_6212,49,0,0,3100,5700,5800,0,3100,2600,100,5800,
MAG_6213,49,0,0,0,0,0,0,0,0,0,0,
MAG_6214,49,0,0,0,0,0,0,0,0,0,0,
MAG_6215,49,0,0,0,0,5100,0,0,0,5100,5100,
MAG_6216,49,0,0,0,0,14500,0,0,0,14500,14500,
MAG_6217,49,0,0,2500,3300,3500,0,2500,800,200,3500,
MAG_6218,49,0,0,70,70,2400,0,70,0,2330,2400,
MAG_6219,49,0,0,0,0,3200,0,0,0,3200,3200,
MAG_6220,49,0,0,0,0,1500,0,0,0,1500,1500,
MAG_6221,49,0,0,0,0,1100,0,0,0,1100,1100,
MAG_6222,49,0,0,0,0,200,0,0,0,200,200,
MAG_6223,49,0,0,50,50,100,0,50,0,50,100,
MAG_6224,49,0,0,70,1800,3100,0,70,1730,1300,3100,
MAG_6225,49,0,250,2600,4900,2400,250,2350,2300,-2500,2400,0
MAG_6226,49,0,0,0,0,0,0,0,0,0,0,
MAG_6227,49,0,0,0,0,0,0,0,0,0,0,
MAG_6228,49,0,0,0,0,1600,0,0,0,1600,1600,
MAG_6229,49,0,0,0,0,3200,0,0,0,3200,3200,
MAG_6230,49,0,0,0,0,250,0,0,0,250,250,
MAG_6231,49,0,30,350,550,5700,30,320,200,5150,5700,
MAG_6232,49,0,0,0,0,0,0,0,0,0,0,
MAG_6233,49,0,0,0,0,0,0,0,0,0,0,
MAG_6234,49,0,0,0,0,800,0,0,0,800,800,
MAG_6235,49,0,1000,1100,1200,8200,1000,100,100,7000,8200,
MAG_6236,49,0,0,0,0,0,0,0,0,0,0,
MAG_6237,49,0,200,1100,3200,8400,200,900,2100,5200,8400,
MAG_6238,49,0,0,14000,24000,35500,0,14000,10000,11500,35500,
MAG_6239,49,0,0,0,0,0,0,0,0,0,0,
MAG_6240,49,0,0,0,0,0,0,0,0,0,0,
MAG_6241,49,0,9100,14000,17500,7600,9100,4900,3500,-9900,7600,0
MAG_6242,49,0,0,0,0,56500,0,0,0,56500,56500,
MAG_6243,49,0,0,60,70,2400,0,60,10,2330,2400,
MAG_6244,49,0,0,0,0,0,0,0,0,0,0,
MAG_6245,49,0,0,0,0,0,0,0,0,0,0,
MAG_6246,49,0,0,0,0,0,0,0,0,0,0,
MAG_6247,49,0,7900,8800,13500,11500,7900,900,4700,-2000,11500,0
MAG_6249,49,0,0,2500,4400,14500,0,2500,1900,10100,14500,
MAG_6250,49,0,0,4000,9600,23000,0,4000,5600,13400,23000,
MAG_6251,49,0,0,8500,10500,18000,0,8500,2000,7500,18000,
MAG_6252,49,0,0,2100,3000,3200,0,2100,900,200,3200,
MAG_6253,49,0,0,0,66000,77500,0,0,66000,11500,77500,
MAG_6254,49,0,0,18000,20000,21000,0,18000,2000,1000,21000,
WFRC_8000,35,0,13500,34000,44500,55000,13500,20500,10500,10500,55000,
WFRC_8001,35,0,0,450,550,600,0,450,100,50,600,
WFRC_8003,35,0,0,3100,3900,4300,0,3100,800,400,4300,
WFRC_8004,35,6672,8100,8900,10000,10500,1428,800,1100,500,3828,
WFRC_8005,35,0,0,10000,16500,23000,0,10000,6500,6500,23000,
WFRC_8006,57,0,3900,6300,6300,6600,3900,2400,0,300,6600,
WFRC_8007,35,0,3600,9400,17000,21500,3600,5800,7600,4500,21500,
WFRC_8009,35,0,8600,12000,14500,15000,8600,3400,2500,500,15000,
WFRC_8013,35,0,0,4800,7700,8800,0,4800,2900,1100,8800,
WFRC_8014,35,0,0,5200,7300,7800,0,5200,2100,500,7800,
WFRC_8015,35,0,0,0,13500,16000,0,0,13500,2500,16000,
WFRC_8017,35,0,0,4600,6300,8000,0,4600,1700,1700,8000,
WFRC_8018,35,0,0,350,1800,2200,0,350,1450,400,2200,
WFRC_8019,11,0,18500,24500,28000,30500,18500,6000,3500,2500,30500,
WFRC_8020,11,0,21500,29500,35500,40000,21500,8000,6000,4500,40000,
WFRC_8021,11,0,0,0,4200,5300,0,0,4200,1100,5300,
WFRC_8022,11,0,5900,6200,7300,8500,5900,300,1100,1200,8500,
WFRC_8023,11,0,22500,27500,34500,40000,22500,5000,7000,5500,40000,
WFRC_8024,11,0,20500,24000,30500,31000,20500,3500,6500,500,31000,
WFRC_8025,11,0,7100,8300,10500,15500,7100,1200,2200,5000,15500,
WFRC_8026,11,0,0,0,4500,6400,0,0,4500,1900,6400,
WFRC_8027,57,0,1100,1200,1400,2900,1100,100,200,1500,2900,
WFRC_8031,57,0,1100,1400,1500,1600,1100,300,100,100,1600,
WFRC_8034,57,0,0,2400,3100,4200,0,2400,700,1100,4200,
WFRC_8035,57,0,0,2700,3200,4600,0,2700,500,1400,4600,
WFRC_8037,3,0,0,0,0,0,0,0,0,0,0,
WFRC_8038,3,0,0,0,0,0,0,0,0,0,0,
WFRC_8041,35,0,9500,9900,10000,11000,9500,400,100,1000,11000,
WFRC_8042,35,0,10000,10500,12000,13500,10000,500,1500,1500,13500,
WFRC_8043,35,0,8300,8600,9100,9300,8300,300,500,200,9300,
WFRC_8044,57,0,0,0,10,200,0,0,10,190,200,
WFRC_8045,57,0,0,0,0,0,0,0,0,0,0,
WFRC_8046,11,0,0,0,8600,8700,0,0,8600,100,8700,
WFRC_8047,11,0,22500,31500,38000,43500,22500,9000,6500,5500,43500,
WFRC_8048,35,0,5500,6900,7000,8100,5500,1400,100,1100,8100,
WFRC_8049,11,0,5500,6700,7700,8800,5500,1200,1000,1100,8800,
WFRC_8050,3,0,0,0,0,750,0,0,0,750,750,
WFRC_8051,3,0,0,0,0,2200,0,0,0,2200,2200,
WFRC_8052,3,0,400,1700,1900,2000,400,1300,200,100,2000,
WFRC_8053,3,0,0,0,0,2200,0,0,0,2200,2200,
WFRC_8054,3,0,0,350,900,1200,0,350,550,300,1200,
WFRC_8055,3,0,0,350,900,1200,0,350,550,300,1200,
WFRC_8056,3,0,0,0,0,1400,0,0,0,1400,1400,
WFRC_8057,3,0,0,0,0,400,0,0,0,400,400,
WFRC_8058,3,0,0,0,0,1400,0,0,0,1400,1400,
WFRC_8059,3,0,0,0,0,1700,0,0,0,1700,1700,
WFRC_8060,3,0,0,0,40,150,0,0,40,110,150,
WFRC_8061,3,0,90,300,2800,3100,90,210,2500,300,3100,
WFRC_8062,3,0,80,150,1200,1400,80,70,1050,200,1400,
WFRC_8063,3,0,30,60,60,800,30,30,0,740,800,
WFRC_8064,3,0,300,350,400,450,300,50,50,50,450,
WFRC_8065,3,0,30,80,150,200,30,50,70,50,200,
WFRC_8066,3,0,20,50,80,150,20,30,30,70,150,
WFRC_8067,3,0,20,80,100,150,20,60,20,50,150,
WFRC_8068,3,0,30,50,50,80,30,20,0,30,80,
WFRC_8069,3,0,0,0,0,10,0,0,0,10,10,
WFRC_8070,3,0,0,0,0,10,0,0,0,10,10,
WFRC_8071,3,0,0,10,20,40,0,10,10,20,40,
WFRC_8072,57,0,0,3900,4500,6300,0,3900,600,1800,6300,
WFRC_8073,57,0,0,2000,2700,4100,0,2000,700,1400,4100,
WFRC_8074,57,0,0,0,0,2500,0,0,0,2500,2500,
WFRC_8075,57,0,0,1800,2300,2400,0,1800,500,100,2400,
WFRC_8076,57,0,0,1400,1600,1700,0,1400,200,100,1700,
WFRC_8077,57,0,0,0,0,5400,0,0,0,5400,5400,
WFRC_8078,57,0,0,0,0,8100,0,0,0,8100,8100,
WFRC_8079,57,0,0,0,0,13000,0,0,0,13000,13000,
WFRC_8080,57,0,1100,2600,2700,3900,1100,1500,100,1200,3900,
WFRC_8081,57,0,0,0,0,4900,0,0,0,4900,4900,
WFRC_8082,57,0,0,0,0,5000,0,0,0,5000,5000,
WFRC_8083,57,0,0,0,0,750,0,0,0,750,750,
WFRC_8084,57,0,0,0,0,2200,0,0,0,2200,2200,
WFRC_8085,57,0,0,0,0,3300,0,0,0,3300,3300,
WFRC_8086,57,0,0,0,0,0,0,0,0,0,0,
WFRC_8087,57,0,200,250,300,950,200,50,50,650,950,
WFRC_8088,57,0,850,1000,1100,1200,850,150,100,100,1200,
WFRC_8089,11,0,4800,6000,11500,13000,4800,1200,5500,1500,13000,
WFRC_8090,11,0,0,0,9600,10000,0,0,9600,400,10000,
WFRC_8091,11,0,0,5300,6400,7200,0,5300,1100,800,7200,
WFRC_8092,11,0,0,8100,9800,11500,0,8100,1700,1700,11500,
WFRC_8093,11,0,0,0,0,1700,0,0,0,1700,1700,
WFRC_8095,11,0,0,10500,13500,16000,0,10500,3000,2500,16000,
WFRC_8099,11,0,5600,6000,7700,9100,5600,400,1700,1400,9100,
WFRC_8100,11,0,0,9400,12500,15000,0,9400,3100,2500,15000,
WFRC_8101,11,0,10500,11000,14500,16000,10500,500,3500,1500,16000,
WFRC_8102,35,0,0,0,31500,33000,0,0,31500,1500,33000,
WFRC_8103,35,0,0,0,22500,24000,0,0,22500,1500,24000,
WFRC_8104,35,0,0,0,15000,15500,0,0,15000,500,15500,
WFRC_8106,35,0,0,0,0,8000,0,0,0,8000,8000,
WFRC_8107,35,0,0,0,6100,8300,0,0,6100,2200,8300,
WFRC_8108,35,0,0,3700,8300,12000,0,3700,4600,3700,12000,
WFRC_8109,35,0,0,2900,6700,10500,0,2900,3800,3800,10500,
WFRC_8110,35,0,0,400,500,2500,0,400,100,2000,2500,
WFRC_8111,35,0,0,0,0,0,0,0,0,0,0,
WFRC_8112,35,0,0,0,0,5800,0,0,0,5800,5800,
WFRC_8113,35,0,0,0,0,1900,0,0,0,1900,1900,
WFRC_8114,35,0,0,0,0,60,0,0,0,60,60,
WFRC_8115,35,0,0,0,0,6600,0,0,0,6600,6600,
WFRC_8116,35,0,0,0,0,2300,0,0,0,2300,2300,
WFRC_8117,35,0,0,0,0,3100,0,0,0,3100,3100,
WFRC_8118,35,0,0,7500,10500,12500,0,7500,3000,2000,12500,
WFRC_8119,35,0,0,5500,8400,9400,0,5500,2900,1000,9400,
WFRC_8120,35,0,5700,8700,10000,10000,5700,3000,1300,0,10000,
WFRC_8121,35,0,0,0,0,4000,0,0,0,4000,4000,
WFRC_8122,35,0,500,1000,1600,8900,500,500,600,7300,8900,
WFRC_8123,35,0,0,1300,2300,3500,0,1300,1000,1200,3500,
WFRC_8124,35,0,0,6900,7700,8000,0,6900,800,300,8000,
WFRC_8125,35,0,4600,5600,6200,9800,4600,1000,600,3600,9800,
WFRC_8126,35,0,2900,3800,5200,7300,2900,900,1400,2100,7300,
WFRC_8127,35,0,0,1500,1600,1700,0,1500,100,100,1700,
WFRC_8128,35,0,0,0,0,1100,0,0,0,1100,1100,
WFRC_8129,35,0,0,0,0,900,0,0,0,900,900,
WFRC_8130,35,0,0,0,0,800,0,0,0,800,800,
WFRC_8131,35,0,0,0,0,60,0,0,0,60,60,
WFRC_8132,35,0,0,5100,10500,13000,0,5100,5400,2500,13000,
WFRC_8133,35,0,0,0,0,100,0,0,0,100,100,
WFRC_8134,35,0,0,0,0,200,0,0,0,200,200,
WFRC_8135,35,0,0,0,4800,6900,0,0,4800,2100,6900,
WFRC_8136,35,0,0,0,0,1100,0,0,0,1100,1100,
WFRC_8137,35,0,0,0,0,2700,0,0,0,2700,2700,
WFRC_8138,35,0,0,0,0,3100,0,0,0,3100,3100,
WFRC_8139,35,0,0,0,6300,7700,0,0,6300,1400,7700,
WFRC_8140,35,0,0,0,0,2300,0,0,0,2300,2300,
WFRC_8141,35,0,0,0,0,14500,0,0,0,14500,14500,
WFRC_8142,35,0,5800,6100,7300,9000,5800,300,1200,1700,9000,
WFRC_8143,35,0,0,0,0,6000,0,0,0,6000,6000,
WFRC_8144,35,0,0,0,6300,10500,0,0,6300,4200,10500,
WFRC_8145,35,0,0,0,0,500,0,0,0,500,500,
WFRC_8146,35,0,0,0,0,13500,0,0,0,13500,13500,
WFRC_8147,35,0,0,0,0,500,0,0,0,500,500,
WFRC_8148,35,0,0,0,0,12000,0,0,0,12000,12000,
WFRC_8149,35,0,0,0,0,12000,0,0,0,12000,12000,
WFRC_8150,35,0,0,0,1500,14500,0,0,1500,13000,14500,
WFRC_8151,35,0,0,0,1500,2200,0,0,1500,700,2200,
WFRC_8152,35,0,0,100,1800,1900,0,100,1700,100,1900,
WFRC_8153,35,0,0,3200,3900,4300,0,3200,700,400,4300,
WFRC_8154,35,0,42500,51000,101000,115000,42500,8500,50000,14000,115000,
WFRC_8155,35,0,44000,51500,101000,115000,44000,7500,49500,14000,115000,
WFRC_8156,35,0,20500,27500,57000,71000,20500,7000,29500,14000,71000,
WFRC_8157,35,0,40000,49000,90500,103000,40000,9000,41500,12500,103000,
WFRC_8158,35,0,3600,4300,5500,6600,3600,700,1200,1100,6600,
WFRC_8159,35,0,0,0,38500,48500,0,0,38500,10000,48500,
WFRC_8160,35,0,0,0,0,1500,0,0,0,1500,1500,
WFRC_8161,35,0,3900,6100,18000,21500,3900,2200,11900,3500,21500,
WFRC_8162,35,0,9500,10500,11500,14000,9500,1000,1000,2500,14000,
WFRC_8163,35,0,0,0,13000,17000,0,0,13000,4000,17000,
WFRC_8164,35,0,7000,13000,14000,14000,7000,6000,1000,0,14000,
WFRC_8182,35,0,13000,16500,25000,28500,13000,3500,8500,3500,28500,
WFRC_8198,35,0,0,100000,123000,147000,0,100000,23000,24000,147000,
WFRC_8199,35,0,0,22000,30500,34500,0,22000,8500,4000,34500,
WFRC_8200,35,0,0,0,0,24000,0,0,0,24000,24000,
WFRC_8201,57,0,0,0,0,0,0,0,0,0,0,
WFRC_8202,57,0,0,0,0,0,0,0,0,0,0,
WFRC_8203,57,0,0,0,0,0,0,0,0,0,0,
WFRC_8204,57,0,0,0,0,3400,0,0,0,3400,3400,
WFRC_8205,57,0,1100,2200,2700,3000,1100,1100,500,300,3000,
WFRC_8206,57,0,0,200,250,600,0,200,50,350,600,
WFRC_8207,57,0,90,150,200,250,90,60,50,50,250,
WFRC_8208,57,0,50,100,150,200,50,50,50,50,200,
WFRC_8209,57,0,250,600,750,1100,250,350,150,350,1100,
WFRC_8210,11,0,3000,5200,8100,9700,3000,2200,2900,1600,9700,
WFRC_8211,11,0,0,38500,42000,43000,0,38500,3500,1000,43000,
WFRC_8212,11,0,0,0,2100,2300,0,0,2100,200,2300,
WFRC_8213,11,0,90,150,900,950,90,60,750,50,950,
WFRC_8214,57,0,0,0,0,0,0,0,0,0,0,
WFRC_8215,35,0,2700,4400,6700,8900,2700,1700,2300,2200,8900,
WFRC_8216,11,0,14000,18000,22000,27000,14000,4000,4000,5000,27000,
WFRC_8217,35,0,0,0,0,0,0,0,0,0,0,
WFRC_8219,11,0,0,2000,2000,2000,0,2000,0,0,2000,
WFRC_8221,35,0,1300,1600,1700,5800,1300,300,100,4100,5800,
WFRC_8222,35,0,2300,3000,3400,8400,2300,700,400,5000,8400,
WFRC_8223,35,0,4300,5400,6100,8000,4300,1100,700,1900,8000,
